50
17 18 6
486 487 71
698 699 85
867 867 94
883 884 71
976 977 100
1961 1962 100
2114 2115 139
2161 2162 71
2192 2193 140
2252 2253 100
2391 2392 139
2506 2507 139
2598 2599 152
2611 2612 71
2674 2675 6
2758 2759 100
2939 2940 139
2957 64 157
3247 3248 94
3264 3265 161
2631 3275 71
3277 3278 139
3375 3376 161
3378 3379 163
3466 3467 139
3655 3656 163
3902 3903 157
3937 3938 6
1080 4008 6
441 3481 71
295 4037 71
3248 4057 173
2141 4060 71
4134 4135 175
4215 4216 139
4402 1104 139
4580 4581 152
4632 4633 71
4687 4688 139
4833 3376 161
4892 4893 152
5120 5121 175
5150 5151 139
5212 5213 140
5222 5223 152
5385 1278 139
5421 5422 71
5454 5455 139
5476 5477 139
