274
25 26 10
39 40 16
65 66 23
69 70 24
83 84 16
65 108 23
171 172 43
65 175 23
65 186 23
25 314 10
396 397 63
65 456 23
488 489 24
396 492 63
493 494 24
65 524 23
560 561 73
579 580 16
595 596 24
182 654 79
725 726 86
742 743 43
744 745 89
806 807 16
65 863 23
896 897 96
903 904 86
744 911 89
903 917 86
967 968 99
7 979 10
1030 1031 86
1103 1104 105
1179 1180 73
493 1193 24
1209 1210 114
7 1169 10
1219 1220 115
65 1248 23
7 1294 10
1299 1300 24
725 1303 86
806 1353 16
65 1414 23
1445 1446 114
69 1462 24
1505 1506 73
396 1484 63
65 1550 23
1566 1567 24
1602 1088 126
65 1604 23
1660 1661 24
1693 1694 127
1722 1723 99
396 1724 63
7 693 10
1755 1756 24
25 1782 10
396 1813 63
396 1826 63
1827 1810 96
806 74 99
1838 1839 115
7 1901 10
1910 1911 24
65 1810 23
1973 1974 99
25 2009 10
65 2016 23
65 2017 23
25 2031 10
65 2032 23
2035 2036 126
7 329 10
2098 2099 96
65 2125 23
806 2131 16
65 2133 23
7 2009 10
65 2148 23
171 2159 43
903 2202 86
65 2210 23
2243 2244 24
903 2249 86
725 2261 86
396 2286 63
2313 2314 143
967 2321 99
65 2365 23
7 2376 10
25 2377 10
1030 2405 86
2409 2410 89
65 2419 23
65 2432 23
2469 2394 127
7 2475 10
396 1331 63
742 2484 43
65 2508 23
2509 2510 43
2511 2512 73
65 2525 23
182 2546 79
744 2556 89
2564 2565 24
2567 2568 150
2588 2589 151
396 2594 63
25 625 10
7 2664 10
65 2666 23
65 2682 23
725 2687 86
2691 2692 86
2717 2718 16
65 2738 23
493 2744 24
2755 2756 73
2791 2792 143
2818 2819 156
2824 2825 143
2826 2827 16
617 2834 99
2843 2844 16
2243 2847 24
65 2849 23
579 2868 16
2891 2892 127
65 2902 23
396 2916 63
2935 2936 16
903 2946 86
2963 1024 43
65 2972 23
3069 3070 16
903 3073 86
697 3085 24
65 3127 23
2495 3130 99
65 3156 23
1232 2057 99
3208 3209 143
25 3267 10
3301 3302 16
3335 3336 162
903 3341 86
3348 3349 16
396 3322 63
3389 3390 24
182 3434 79
396 3495 63
3498 3499 143
400 3500 16
396 3501 63
3512 3513 16
83 3546 16
1209 3552 114
39 3556 16
65 3561 23
7 3562 10
1566 1080 24
1693 3568 127
25 3322 10
3579 3580 126
25 3598 10
65 3612 23
903 3672 86
3348 3700 16
2691 1025 86
3735 1842 143
69 3791 24
3833 3834 16
903 3876 86
3880 839 43
65 3895 23
65 3966 23
744 4002 89
2691 1373 86
182 4056 79
1036 4097 79
65 4104 23
4108 4109 127
4123 4124 126
396 851 63
4165 4166 176
4172 4173 105
887 4176 99
65 4194 23
2691 4205 86
903 4212 86
1030 4225 86
4228 4229 177
4260 4261 43
65 4347 23
396 3600 63
65 4369 23
171 4398 43
65 4415 23
903 3090 86
4440 4441 24
25 4515 10
65 4517 23
65 4547 23
65 4577 23
1465 4578 180
65 4584 23
4601 3613 114
396 4602 63
2469 4609 127
171 1583 43
83 4624 16
65 1973 23
65 2704 23
4650 4651 43
171 4689 43
65 4696 23
7 1217 10
725 50 86
3348 4751 16
4768 4769 115
65 4770 23
3348 4771 16
4780 421 115
4781 4782 143
903 4838 86
2509 4847 43
4882 4883 73
171 543 43
65 4910 23
65 1859 23
1232 4941 180
493 1661 24
4961 4962 24
267 4963 16
65 4980 23
65 4982 23
2567 5011 150
182 5023 79
65 5027 23
5102 5103 89
69 5111 24
396 5114 63
2243 5115 24
1465 5130 180
7 1556 10
39 5158 16
903 5200 86
2691 5204 86
617 5205 16
5206 5207 150
1566 5209 24
65 5211 23
65 1899 23
25 5316 10
5321 5322 96
65 2517 23
3391 5344 16
7 4736 10
887 3349 16
560 5379 73
5401 5402 43
2145 5403 180
5410 5411 126
65 3228 23
65 1317 23
65 5449 23
742 5462 43
171 5471 43
25 1164 10
7 2297 10
5496 5497 16
