304
6 7 3
15 16 5
51 52 18
57 58 21
90 91 29
92 25 30
94 95 29
122 7 3
263 264 55
272 7 57
278 279 29
303 304 60
320 321 18
207 7 30
428 7 3
461 462 67
506 507 5
537 538 29
539 7 3
546 547 29
573 574 29
664 665 82
679 680 5
683 25 30
694 695 84
696 697 82
707 7 3
714 25 30
128 7 3
803 804 29
811 697 82
821 822 29
838 25 30
843 25 3
846 264 55
854 855 93
919 7 57
928 680 5
956 957 98
986 7 3
329 7 3
1009 1010 102
1011 7 3
1028 1029 5
625 25 30
1075 7 3
1101 1102 29
1115 7 3
1134 1135 107
1145 1146 109
1166 7 30
1177 1178 110
1204 1205 84
18 1277 116
1278 1279 117
1297 1298 5
1327 1328 29
1339 1277 116
1347 1348 29
1352 1190 121
1364 1365 5
1390 1391 84
1423 1424 84
1427 1428 122
1373 1424 84
1448 1449 55
1450 1451 122
1453 665 82
1456 665 82
1473 665 82
1334 264 55
1488 1489 29
1491 1492 29
1493 1494 21
1497 1492 29
1501 25 30
1527 1449 55
1528 1529 84
1530 595 82
1534 1535 5
1543 595 82
1546 1547 116
1685 1686 55
1695 1696 60
1697 1698 128
1704 1705 29
1706 7 3
1711 1712 29
1735 7 3
182 1178 110
1779 697 82
223 25 30
179 25 3
1912 1913 121
1941 25 30
1953 41 107
1956 1957 29
1965 7 30
1986 1987 135
2011 1010 102
1139 7 3
2069 7 30
2078 2079 138
2157 2158 5
2199 25 3
2213 1178 110
2225 1178 110
2227 91 29
2234 2235 60
2262 2263 142
2280 2281 29
2294 2295 122
1888 25 30
2368 25 57
1657 7 3
2429 7 30
2436 7 3
1339 2455 116
2464 2465 5
2482 1178 110
2487 2488 149
2517 2518 55
2520 7 57
2538 2539 84
2544 1178 110
2596 25 30
2628 2629 116
2636 7 30
2655 2656 116
2721 2722 122
2723 1178 110
2784 2785 18
2793 2794 121
2878 1449 55
139 1178 110
417 7 30
2968 2969 116
2973 7 57
2981 1178 110
2997 1178 110
3007 7 3
3065 7 3
3080 1391 121
3091 25 30
3118 7 57
3122 3123 5
1080 3166 116
3171 3172 159
3176 547 29
3177 3178 29
3180 1178 110
139 3128 138
3199 3200 84
3204 3205 29
3206 3207 5
3214 3215 149
3242 7 3
3253 3254 18
3270 1535 5
3286 3287 128
1517 1178 110
3289 2250 149
2721 3292 18
2528 7 30
1070 3316 21
3326 25 30
3327 7 30
3339 25 3
3404 3405 29
3415 7 30
3167 7 30
3433 47 107
3435 7 3
3459 2235 60
3477 3478 18
3482 3483 84
3526 3527 5
3540 3541 107
3575 3576 116
3582 3583 29
2187 7 30
3604 1178 110
3606 1178 110
3644 680 5
3659 3660 55
3661 25 3
3676 3677 29
3688 1010 102
941 3727 121
3736 3737 18
3552 3747 116
3364 7 30
1364 1178 110
214 3831 166
3874 3875 109
3886 3887 29
68 25 30
3918 2465 5
578 3919 168
3861 25 30
2779 25 57
2855 7 30
3964 3831 166
3971 7 3
803 3979 29
3987 367 121
2395 4050 171
4072 7 3
1212 7 30
3501 1696 60
4116 4117 174
4121 4122 117
4129 7 3
4131 4132 67
4153 25 3
4154 4155 29
4191 697 82
4199 7 30
3364 25 57
4253 4254 29
4301 4302 142
546 1705 29
4336 4337 29
4348 4349 84
4356 1449 55
4363 25 30
4366 4367 107
4373 25 30
3613 680 5
4400 3128 138
4435 4436 18
4448 7 3
1286 7 30
4537 7 30
3118 25 57
4552 695 121
4557 25 57
4558 2521 149
4573 4574 5
4576 25 3
4591 4592 29
4647 4648 116
4652 4653 181
4692 4693 84
4704 1989 121
1711 4734 29
4750 1449 55
4758 7 30
56 7 3
851 7 3
4812 4813 182
3073 4818 121
3299 7 30
4865 697 82
874 7 3
4873 4874 18
1406 1891 84
4902 1449 55
4904 4905 55
4907 25 57
4912 4913 5
4916 4917 29
4557 7 30
4973 1178 110
4974 4975 122
4977 4978 29
5032 1989 84
5040 5041 29
5068 5069 29
5071 321 18
5085 5086 5
975 7 3
5153 5154 128
5172 5173 29
5182 5183 186
5191 25 57
256 7 3
2320 653 107
2553 957 98
5236 5236 93
5252 264 55
5269 5270 149
5289 5290 109
1450 5295 18
5301 4302 116
5330 653 107
1298 1178 110
2624 25 30
5360 5361 29
2214 25 30
380 7 3
1208 5389 21
5390 5391 84
5392 5393 29
5394 3166 116
5395 5290 109
5397 5398 84
5399 5400 5
5406 1328 29
1768 3831 166
5436 7 3
5452 5453 29
5486 5487 29
1790 7 3
