5516
0 1 0
2 3 1
4 5 2
8 9 0
8 1 0
10 11 4
12 11 4
13 11 4
8 1 0
0 14 0
0 9 0
19 20 7
21 22 8
23 24 9
27 28 11
29 30 12
31 32 13
33 34 14
33 35 14
36 37 15
33 38 14
41 42 17
43 44 14
45 46 14
47 48 17
49 50 8
53 54 19
55 56 20
59 60 22
61 62 9
63 9 0
63 64 0
67 68 20
71 72 25
73 74 15
75 76 11
77 78 26
79 80 27
81 82 20
85 9 0
86 87 28
88 89 15
93 1 0
96 97 31
96 98 31
99 100 28
101 102 31
88 103 15
104 105 32
106 107 25
109 64 0
110 102 31
111 112 33
113 114 25
115 116 12
117 1 0
118 119 28
120 121 32
123 124 12
125 126 34
127 128 20
117 1 0
129 130 15
131 132 0
131 64 0
131 1 0
133 134 28
135 136 35
137 138 36
139 140 37
141 140 37
142 140 37
143 140 37
144 140 37
145 140 37
146 147 38
146 148 38
146 148 38
146 149 38
146 149 38
146 150 38
146 150 38
146 151 38
146 147 38
146 147 38
146 152 38
146 151 38
146 152 38
146 148 38
146 153 38
146 152 38
146 152 38
146 152 38
146 149 38
154 155 39
120 156 32
157 158 15
159 1 0
160 161 12
162 163 40
164 165 28
166 161 12
167 168 41
159 1 0
159 9 0
169 170 42
169 170 42
173 174 44
176 177 34
178 179 20
180 181 27
182 183 45
184 185 12
187 9 0
187 1 0
188 189 46
190 191 33
192 193 47
182 194 48
195 196 36
197 181 27
198 199 38
198 200 38
198 201 38
198 200 38
198 201 38
198 201 38
198 202 38
198 199 38
198 201 38
198 200 38
198 200 38
198 200 38
198 199 38
198 201 38
198 202 38
99 203 28
204 9 0
204 1 0
205 206 49
204 64 0
204 9 0
204 1 0
207 208 12
182 209 48
210 211 50
210 211 50
210 211 50
212 213 51
214 215 52
216 217 12
218 219 28
106 220 25
221 222 50
221 222 50
221 222 50
223 224 12
225 226 49
23 227 9
228 229 34
230 231 52
232 233 38
232 234 38
232 234 38
232 235 38
232 234 38
232 235 38
232 235 38
232 236 38
232 233 38
232 236 38
237 238 17
239 240 53
241 242 42
243 244 28
245 246 15
247 248 54
249 250 12
251 252 40
253 254 20
255 256 20
221 257 50
232 258 38
232 259 38
232 260 38
232 261 38
232 258 38
232 262 38
232 262 38
232 260 38
232 261 38
232 260 38
232 259 38
232 259 38
232 260 38
232 258 38
265 64 0
265 1 0
266 267 56
268 269 56
270 271 17
273 274 4
182 275 48
276 277 12
280 281 8
282 9 0
283 284 58
285 286 12
251 287 40
251 288 40
251 289 40
251 290 40
251 291 40
251 252 40
251 292 40
251 293 40
251 294 40
295 296 8
297 298 59
299 300 56
301 302 8
305 306 8
301 307 8
308 309 44
310 311 14
312 313 2
315 316 11
317 318 61
319 9 0
319 132 0
322 323 28
324 9 0
324 1 0
106 325 25
326 327 53
328 329 20
324 9 0
330 331 28
332 333 27
334 1 0
334 64 0
335 336 44
71 337 25
338 339 54
340 339 54
341 342 2
343 344 40
343 345 40
343 346 40
347 348 2
349 350 2
351 352 14
353 354 33
355 356 62
357 358 2
359 360 44
361 362 20
363 9 0
364 365 40
366 367 62
368 369 40
368 370 40
371 372 61
373 374 17
375 376 12
377 378 20
379 132 0
379 1 0
380 381 12
364 382 40
364 365 40
364 383 40
384 385 12
295 386 62
379 1 0
387 388 51
389 390 37
391 392 17
393 390 37
394 390 37
395 9 0
398 399 28
400 401 41
402 403 64
404 405 2
406 407 50
408 401 41
409 401 41
410 411 15
305 412 8
413 414 51
415 64 0
338 339 54
416 417 20
418 419 50
418 419 50
418 419 50
418 419 50
418 419 50
418 419 50
418 419 50
418 419 50
418 419 50
418 419 50
420 421 65
422 423 31
422 424 31
21 425 8
426 427 64
429 430 12
431 432 41
433 434 66
435 436 12
106 437 25
438 439 20
440 441 34
442 432 41
443 156 32
444 64 0
445 446 12
447 448 20
449 450 38
449 451 38
449 451 38
449 452 38
449 451 38
449 451 38
449 450 38
449 453 38
449 454 38
449 453 38
449 450 38
449 454 38
449 450 38
449 451 38
449 455 38
449 452 38
449 453 38
449 455 38
449 453 38
457 458 49
459 460 50
463 1 0
463 64 0
463 9 0
464 465 68
466 467 20
232 468 38
232 469 38
232 470 38
232 468 38
232 199 38
232 468 38
232 469 38
471 472 69
182 473 45
474 475 58
146 476 38
146 477 38
146 478 38
146 147 38
146 147 38
146 477 38
146 479 38
146 147 38
146 478 38
146 478 38
146 477 38
146 478 38
146 480 38
146 480 38
146 479 38
146 477 38
146 481 38
146 147 38
146 477 38
146 481 38
146 476 38
146 478 38
146 476 38
482 483 70
484 485 12
106 107 25
490 491 34
495 496 8
497 498 28
499 491 34
500 501 27
502 1 0
232 503 38
232 503 38
232 504 38
232 503 38
232 504 38
232 504 38
232 503 38
232 453 38
232 503 38
232 455 38
505 64 0
508 509 19
510 511 44
512 513 12
514 515 20
516 517 72
518 519 2
520 521 20
522 523 34
525 526 17
527 528 28
529 530 59
531 532 48
182 532 48
533 534 49
182 535 48
536 339 54
540 541 12
542 543 34
544 545 50
544 545 50
544 545 50
544 545 50
544 545 50
548 549 48
548 549 48
182 549 48
550 551 44
552 553 20
554 555 32
556 557 68
558 559 62
562 563 58
564 565 22
566 565 22
59 565 22
567 568 9
569 570 28
571 572 14
575 576 20
577 578 31
581 582 25
583 584 40
175 585 41
29 586 69
251 587 40
71 588 25
589 590 28
591 64 0
592 593 41
594 64 0
594 9 0
597 598 20
599 193 74
586 600 20
601 602 44
603 604 14
605 64 0
605 9 0
606 607 40
608 609 36
610 611 75
612 613 12
614 615 49
616 1 0
617 618 76
619 339 54
620 621 15
622 623 28
624 625 20
626 9 0
627 628 20
629 630 77
631 632 15
633 634 9
635 636 12
637 638 50
637 638 50
637 638 50
637 638 50
639 640 78
641 642 25
643 644 40
643 645 40
643 646 40
647 615 49
613 648 20
649 650 17
398 651 28
47 652 17
653 650 17
655 585 41
497 656 28
657 658 80
659 660 20
661 662 81
45 663 14
339 666 15
667 668 31
659 669 20
670 671 20
672 658 80
673 674 41
675 676 32
677 9 0
677 64 0
677 64 0
678 9 0
678 1 0
681 682 17
684 685 83
686 9 0
686 64 0
687 14 0
661 688 81
689 9 0
690 14 0
691 688 81
692 693 20
678 1 0
700 701 28
702 703 44
704 1 0
705 706 12
708 709 2
710 711 2
712 713 56
182 715 45
716 1 0
716 132 0
717 660 20
47 718 17
719 720 15
721 722 64
723 724 20
727 728 49
729 730 87
731 732 4
733 732 4
366 734 8
366 735 8
736 737 88
738 739 78
740 739 78
741 739 78
721 746 64
747 748 2
749 9 0
750 64 0
751 9 0
752 753 90
754 1 0
754 9 0
755 756 34
106 757 25
758 759 12
449 760 38
449 761 38
449 760 38
449 762 38
449 450 38
449 450 38
449 450 38
449 761 38
763 764 28
765 14 0
765 64 0
766 767 32
749 9 0
768 769 20
73 770 15
754 14 0
754 1 0
771 9 0
771 1 0
772 773 54
774 775 80
99 776 28
777 778 83
779 780 32
781 778 83
782 783 41
784 785 28
786 787 8
788 789 12
790 791 91
790 792 91
295 793 8
794 795 32
796 797 70
19 798 7
19 798 7
19 798 7
19 798 7
19 798 7
19 798 7
19 798 7
19 798 7
19 20 7
799 800 8
230 801 2
71 802 25
295 805 8
790 808 91
809 810 28
812 813 14
814 815 13
816 817 34
818 819 27
784 820 28
823 824 27
823 819 27
825 826 8
827 819 27
828 829 92
830 831 27
832 833 28
834 835 14
836 837 32
839 840 66
841 842 64
844 845 64
834 847 14
773 848 15
99 849 28
850 851 20
852 853 34
347 748 2
856 857 49
858 859 14
860 861 50
182 862 48
864 865 12
866 9 0
868 869 64
71 870 25
102 871 4
872 873 64
874 875 12
876 877 70
878 879 33
880 881 34
882 1 0
882 64 0
858 885 14
886 399 28
887 888 26
889 890 95
891 892 56
893 894 69
773 895 15
276 116 12
182 898 48
198 899 38
198 900 38
198 899 38
198 900 38
198 901 38
198 902 38
198 901 38
905 906 66
98 907 87
579 401 41
908 909 62
910 9 0
910 64 0
912 913 12
914 915 2
916 88 54
533 918 49
920 921 12
922 923 2
924 925 8
926 927 42
926 927 42
929 930 12
273 931 4
932 933 40
932 934 40
932 935 40
932 936 40
937 938 2
932 939 40
932 935 40
940 941 8
942 943 27
157 944 15
945 943 27
932 946 40
947 948 20
932 946 40
932 935 40
932 949 40
932 934 40
932 936 40
932 950 40
763 951 28
952 953 81
954 955 97
958 668 31
959 960 48
961 962 52
963 193 74
964 965 20
966 1 0
966 9 0
964 969 20
970 971 28
133 972 28
973 806 56
974 975 20
31 32 13
773 978 15
661 980 101
981 982 33
641 983 25
984 985 40
987 988 38
987 989 38
990 98 31
991 992 38
991 992 38
991 993 38
991 994 38
991 995 38
991 993 38
991 995 38
991 994 38
991 995 38
991 995 38
991 992 38
991 992 38
991 995 38
991 994 38
996 997 34
998 999 27
284 1000 14
1001 1002 20
1003 1004 20
1005 1006 31
1007 1008 20
1012 1013 14
1014 1015 2
1016 1017 14
1018 1019 20
1020 1021 64
1022 1023 64
1016 1024 14
495 1025 8
1026 1027 20
1032 1033 59
1034 1035 13
1036 1037 48
1038 1039 83
1040 1041 41
1042 1043 69
1044 1045 70
1046 1047 78
1048 1047 78
1049 1050 50
1051 1052 28
1053 9 0
1054 1055 4
273 1055 4
1056 1055 4
1057 1058 81
398 1059 28
1053 64 0
1060 1061 103
1062 1063 31
391 1064 17
1065 9 0
1065 64 0
1066 1067 104
1068 1069 51
1070 1071 12
929 1072 12
1073 1074 20
1076 1077 11
1078 980 101
1079 1080 11
1081 1082 33
1083 1084 9
1085 1086 20
1087 1088 42
1089 1090 56
1091 1092 50
1091 1092 50
1093 64 0
1094 1095 88
1096 1 0
1096 14 0
1096 64 0
740 1097 78
1098 1097 78
1099 1100 44
1105 1106 20
1107 1108 8
1093 64 0
1093 1 0
1109 1023 64
1110 1111 17
1112 1 0
1112 9 0
1113 1114 106
1116 1117 12
1118 193 74
1119 1120 34
1121 102 31
1011 1122 12
786 787 8
1123 1124 58
1125 1126 34
1127 1128 12
92 1129 69
1130 1131 12
31 32 13
1132 1133 8
1132 1136 8
1137 1138 9
706 1139 20
1140 1141 108
1142 1143 50
1144 1144 61
1147 1148 50
1147 1148 50
1147 1148 50
1149 1150 25
1151 1152 34
1153 1154 106
1155 1156 34
146 1157 38
146 1158 38
146 1159 38
146 1160 38
146 1161 38
146 1161 38
146 1158 38
146 1157 38
146 1160 38
146 1161 38
146 1159 38
146 1160 38
146 1159 38
146 1158 38
146 1162 38
146 1160 38
146 1157 38
1149 1163 25
1164 1165 12
1167 1168 104
1169 1170 12
1171 1172 14
1173 1174 51
1175 1176 17
1181 1182 83
1183 1184 12
1185 366 111
631 1186 15
1187 1188 20
1189 1190 112
1191 1192 17
653 48 17
1194 1195 49
1196 1017 14
1197 1198 50
1197 1198 50
1197 1198 50
1197 1198 50
1197 1198 50
1197 1198 50
1197 1198 50
1197 1198 50
1197 1198 50
1199 1200 34
46 1201 113
1202 1203 28
893 1206 69
1207 1208 20
1211 1212 20
1213 1214 34
1215 1216 12
1217 1218 12
1221 1222 48
1223 1224 69
1225 339 54
576 1226 12
1227 1228 81
1169 1226 12
1229 1230 28
1149 1231 25
1232 1233 76
1234 1235 32
1236 1237 27
1238 1239 56
1240 1 0
1241 1242 49
1243 1244 40
1245 64 0
1245 1 0
182 1246 45
1240 9 0
1240 64 0
1247 1085 12
1249 1250 27
1251 1252 44
1253 226 49
1254 9 0
1254 64 0
1255 1250 27
1256 64 0
1257 9 0
1110 1258 17
539 717 12
1259 1260 12
1261 1262 103
1263 1264 26
1265 1266 7
1265 1266 7
1267 1268 40
1267 1269 40
1267 1270 40
232 1271 38
232 1272 38
232 1273 38
232 1271 38
232 1273 38
232 1274 38
232 1274 38
232 1274 38
232 1272 38
516 1275 72
176 1276 34
1280 1216 12
1281 1282 70
1283 1284 17
384 1285 69
1286 1287 69
1288 1289 20
1290 1291 118
1292 1293 70
1295 1296 12
1301 1302 50
1301 1302 50
1301 1302 50
1304 1305 27
1306 1307 28
1308 1309 50
1308 1309 50
1308 1309 50
420 1310 65
1311 1312 40
1313 1314 48
1315 1316 119
1221 1317 48
1318 1319 50
719 1320 15
1321 1322 22
59 1322 22
1323 1324 28
1325 1326 66
552 1169 20
1329 1330 120
1331 1332 69
1333 1334 2
182 1335 48
182 1336 48
182 1337 48
182 1338 48
1340 1341 101
719 1342 15
1343 1344 28
1345 1346 44
1349 35 14
1350 1351 12
675 837 32
1286 1354 12
1355 64 0
1355 9 0
1356 1357 56
1358 1359 58
661 1360 81
1361 64 0
1362 1363 15
1366 32 13
1367 1368 12
1068 1369 51
1370 1371 50
1372 424 31
1373 1374 112
1375 1376 20
1377 64 0
1378 1379 68
1380 1381 51
1382 64 0
1383 1384 34
1385 273 31
1386 1387 28
1388 1389 51
1392 1393 50
1392 1393 50
1392 1393 50
1394 1395 64
1396 1 0
883 1397 8
347 1398 2
1399 1400 20
1343 1401 28
1402 102 31
1403 64 0
1404 121 32
1405 1406 8
641 1407 25
339 1408 15
1409 1410 8
1411 1 0
612 385 12
1412 1413 61
182 1415 48
1416 1417 44
1418 1419 17
1420 1421 68
1422 64 0
1422 1 0
1425 1426 20
1429 1095 88
569 1430 28
449 1431 38
449 1432 38
449 1433 38
449 1434 38
449 1435 38
449 1431 38
449 1433 38
449 1435 38
449 1433 38
449 1431 38
449 1435 38
1436 1437 49
1438 1439 112
1440 1441 20
1442 1443 12
1444 1439 112
1447 668 31
1452 1 0
1452 64 0
806 1454 76
305 1455 8
729 1457 87
1458 9 0
1458 14 0
182 1459 45
1460 1461 33
1463 64 0
1464 1465 123
1416 1466 44
1467 1468 38
1467 1468 38
1467 1469 38
1467 1469 38
1467 1470 38
1467 1471 38
1467 1472 38
1474 1475 11
182 1476 48
1477 1478 78
1479 339 54
1480 1481 8
1480 1482 8
1311 1483 40
1311 1312 40
1332 1484 20
1485 193 74
1486 523 34
1480 1487 8
118 1490 28
1495 1 0
813 193 74
1496 879 33
1498 572 14
1499 1500 64
1502 1503 34
1504 132 0
1504 64 0
1504 1 0
1507 1508 124
1509 1510 36
1495 1 0
1495 9 0
1511 1512 26
1513 1514 11
1504 132 0
1504 9 0
1515 64 0
1516 1517 26
1518 1519 50
1518 1519 50
1518 1519 50
1520 1 0
1520 64 0
1521 806 56
1522 1523 26
1524 1118 34
1525 1526 34
182 1531 45
1532 1533 125
1536 1537 83
1538 1539 12
1540 9 0
1541 1542 2
1544 1545 20
1548 1549 20
1551 1552 27
1553 1552 27
1554 80 27
1555 1556 20
937 1557 2
610 1558 75
610 1559 75
124 1217 20
1560 1561 64
1562 1563 34
1564 1565 2
1568 1569 27
1570 1571 31
1570 1572 31
1570 10 31
1573 1574 38
1575 1576 12
1577 124 69
786 1578 8
603 1579 14
668 1580 87
1581 1582 20
384 1440 12
1525 1583 34
1584 1585 36
182 1586 48
182 1586 48
952 1587 81
1588 1589 2
1590 1591 50
1590 1591 50
1590 1591 50
1592 1593 8
351 311 14
19 1594 7
1595 1596 33
1597 1598 74
384 1599 12
1600 1601 4
1054 1601 4
273 1603 87
729 1603 87
1605 1360 81
1606 1600 31
1607 1608 50
1609 1610 14
1611 1612 27
449 1613 38
449 1614 38
449 1615 38
449 1616 38
449 1614 38
449 1272 38
449 1614 38
449 1617 38
449 1614 38
449 1613 38
449 1616 38
449 1616 38
449 1615 38
449 1272 38
449 1617 38
449 1615 38
449 1272 38
1618 1619 17
1620 1305 27
1621 1622 8
1623 1624 83
1625 728 49
1626 1627 38
1626 1627 38
1628 1629 2
1630 1631 12
1043 1632 20
1633 1634 20
1635 305 111
1636 439 20
1637 339 54
1638 339 54
1637 339 54
1639 879 33
1640 1641 33
1642 1 0
1642 132 0
1643 1644 26
1645 1646 48
1647 9 0
1647 64 0
1648 1649 20
1650 1651 20
1652 1653 49
1654 1655 27
1656 1657 20
1658 1659 27
1662 124 12
1663 1664 69
1665 64 0
1665 1 0
1196 1013 14
1666 32 13
1667 226 49
352 1668 113
182 1669 48
1409 1670 8
1671 32 13
1672 1673 31
1672 1674 31
719 1675 15
1676 831 27
1677 1678 27
1679 1680 9
1681 1682 31
1683 1684 12
668 1687 4
1688 1689 32
1690 1691 15
1692 1 0
115 1399 69
1699 813 14
1699 35 14
1700 44 14
1701 64 0
1701 14 0
1702 64 0
1701 9 0
1703 39 129
1707 1708 32
1709 1710 69
1713 1714 27
1715 1716 50
1717 1718 50
1717 1718 50
1717 1718 50
1719 9 0
1719 1 0
628 1720 12
1671 32 13
182 1721 48
1725 1726 50
1727 1169 20
1728 1 0
1729 1730 64
449 1435 38
449 1731 38
449 1431 38
449 1731 38
449 1732 38
449 1733 38
449 1731 38
449 1733 38
449 1733 38
449 1734 38
449 1734 38
449 1435 38
449 1732 38
449 1431 38
449 1731 38
449 1734 38
449 1733 38
1409 1670 8
1736 1737 27
1738 1739 74
1740 1741 64
1742 9 0
1742 64 0
1467 1743 38
1467 1744 38
1467 1745 38
1467 1745 38
1467 1745 38
1467 1746 38
1467 1747 38
1467 1747 38
1467 1745 38
1467 1743 38
1467 1743 38
1467 1743 38
1467 1745 38
1467 1743 38
1467 1743 38
1467 1746 38
1467 1747 38
1467 1746 38
1467 1746 38
1467 1748 38
1467 1744 38
1467 1748 38
1749 1659 27
1750 64 0
1750 9 0
1331 1751 69
106 325 25
1752 1753 12
1754 1 0
1757 64 0
1758 64 0
1758 1 0
1759 64 0
1760 14 0
1760 9 0
1760 1 0
1626 479 38
1626 1761 38
1762 1195 49
1149 1763 25
1764 1765 14
1766 965 20
73 1767 15
1768 1769 2
1770 9 0
1771 64 0
71 1772 25
1773 1774 70
1775 1776 2
1541 1777 2
251 1778 40
1780 1781 88
1783 1784 34
1785 737 88
1783 1786 34
1787 1788 28
1789 1790 20
1791 339 54
1792 339 54
1791 339 54
1793 1689 32
1794 1795 130
1796 1797 78
1798 1797 78
741 1797 78
738 1797 78
1799 1797 78
1785 1800 88
1801 1802 20
1803 116 12
387 1804 51
922 1805 2
182 1246 45
1806 1807 50
1806 1807 50
1806 1807 50
1806 1807 50
1806 1807 50
1806 1807 50
908 1808 62
1809 1810 34
1811 1812 34
689 64 0
1814 1815 53
1816 1817 2
1818 719 54
1819 719 54
1820 1821 34
1822 1823 131
1824 1825 7
19 1828 7
19 1828 7
19 1828 7
19 1828 7
19 1828 7
19 1828 7
19 1828 7
19 1828 7
19 1828 7
19 1828 7
19 1828 7
19 1828 7
19 1828 7
1829 1830 12
1831 1832 64
1833 273 48
1833 10 48
1833 1834 48
1833 1835 48
1833 668 48
1833 1836 48
1837 9 0
1771 14 0
251 293 40
1840 831 27
1841 1842 11
1843 14 0
1844 1845 34
1846 1847 26
527 1848 28
1849 1850 50
1849 1850 50
139 1851 9
1852 14 0
1853 1237 27
1854 14 0
1854 64 0
1854 9 0
139 1680 9
118 1855 28
836 676 32
1380 1856 51
1857 1858 27
1859 193 74
1860 1861 83
1862 1863 20
1864 9 0
1865 1866 50
1867 14 0
937 1868 2
1869 1659 27
1870 885 14
1229 1871 28
1872 1 0
1872 9 0
1872 1 0
1872 9 0
1873 9 0
1873 64 0
232 1747 38
232 1747 38
232 1748 38
232 1748 38
232 1874 38
232 1874 38
232 1748 38
232 1875 38
232 1874 38
232 1747 38
232 1747 38
232 1875 38
1876 819 27
1877 34 14
1878 1879 20
1880 1881 1
643 1882 40
643 1883 40
643 1884 40
1885 1886 41
182 1887 48
1888 1889 12
1890 1 0
1891 940 111
1110 1892 17
1893 1894 53
1895 9 0
1895 14 0
908 1896 132
1897 819 27
1898 1886 41
1899 1900 58
669 1902 12
1768 1903 2
1904 1905 49
139 1906 11
1907 223 20
33 859 14
33 1899 14
1621 1908 66
987 1909 38
1914 24 9
33 562 14
1915 1916 40
1915 1917 40
1915 1918 40
1915 1919 40
1915 1920 40
1573 1921 38
1573 1922 38
1923 1924 41
1925 1926 28
1927 1928 95
198 1929 38
198 1930 38
198 1931 38
198 1931 38
198 150 38
198 1932 38
198 1933 38
198 1930 38
198 1932 38
198 1932 38
198 150 38
198 150 38
198 1933 38
198 150 38
198 150 38
198 150 38
198 1929 38
198 1930 38
198 1931 38
198 1933 38
198 1933 38
198 1932 38
1934 1935 133
1934 1936 133
1934 1937 133
1934 1938 133
1934 1939 133
1934 1940 133
1942 1924 41
629 1943 77
1944 1945 25
251 1946 40
1947 1 0
1948 1949 28
1950 1951 56
1952 1949 28
1954 1955 12
1958 1959 134
1960 773 54
1963 1964 20
1966 339 54
1967 339 54
198 1968 38
198 1969 38
198 1970 38
198 1969 38
198 1971 38
198 1970 38
198 1968 38
198 1970 38
198 1969 38
859 1972 58
1975 1976 64
21 1977 8
429 436 12
467 706 12
1978 1979 14
1980 1981 40
1982 1983 50
1982 1983 50
182 1984 48
41 1985 17
1988 1989 112
1990 1991 20
1992 628 20
1993 483 70
1994 1995 17
1573 1996 38
1573 1997 38
1573 1996 38
516 1998 72
1999 2000 2
2001 2002 40
987 1471 38
987 1471 38
449 2003 38
449 2003 38
449 2004 38
449 2005 38
449 2003 38
449 2006 38
449 2005 38
449 2004 38
449 2004 38
449 2006 38
449 2007 38
449 2005 38
449 2003 38
449 2008 38
449 2003 38
641 2010 25
2012 2013 17
2014 2015 41
2018 2019 83
809 2020 28
2021 2022 66
2023 2024 50
2023 2024 50
2025 2026 95
182 2027 48
182 2028 48
182 2028 48
182 2027 48
182 2027 48
2029 773 54
312 2030 2
99 2020 28
1605 2033 81
1524 2034 34
2037 2038 12
2039 2040 40
2039 2041 40
2042 458 49
182 2043 45
2044 2045 51
2046 2047 70
2048 2049 15
71 2050 25
2051 2052 66
1673 2053 4
12 2053 4
945 2054 27
2055 2056 50
2055 2056 50
2055 2056 50
2055 2056 50
2057 339 54
2057 339 54
198 2058 38
198 2058 38
198 2059 38
198 2058 38
198 2059 38
198 2060 38
198 2060 38
198 2061 38
198 2061 38
198 2058 38
198 2059 38
198 2060 38
198 2060 38
198 2060 38
198 2059 38
198 2058 38
1173 2062 51
668 2063 4
2064 2065 28
1234 2066 32
2067 2068 132
2070 2071 48
2072 2073 136
2074 2075 137
2076 1979 14
182 2077 48
2080 1941 20
225 458 49
2081 2082 50
2081 2082 50
387 2062 51
36 2083 15
1467 2084 38
1467 451 38
1467 2084 38
1467 451 38
1467 1733 38
1467 2084 38
1467 1733 38
1467 1733 38
1467 452 38
2085 2086 34
182 2087 48
2088 2089 50
2088 2089 50
2088 2089 50
2090 339 54
2091 2092 44
2093 2094 50
2093 2094 50
2093 2094 50
2093 2094 50
2095 2096 36
1130 2097 69
814 815 13
1149 2100 25
67 1695 20
2101 2102 56
912 2103 12
445 2104 12
2105 2106 64
610 2107 75
2108 1 0
2109 1812 34
2110 9 0
1340 2111 101
2112 2113 27
457 2116 49
2117 2118 50
2117 2118 50
2119 1784 34
160 1555 69
2120 2121 32
2122 2123 2
2119 2124 34
2126 1475 11
398 2127 28
998 2128 27
2129 1077 11
2130 650 17
2132 1537 83
2134 2135 20
806 2136 76
2137 2138 50
2137 2138 50
2139 2140 11
2141 193 74
2142 2143 28
2144 2145 123
2146 2147 38
2149 1156 34
1999 2150 2
1948 2151 28
2152 2153 68
2154 2155 36
2156 448 20
1954 2160 12
1325 1598 74
2163 2164 14
2163 2165 14
2166 2167 28
349 2168 2
2169 2170 40
2169 2171 40
2169 2172 40
2169 2173 40
2169 2174 40
2175 2176 50
2175 2176 50
2177 2178 28
2146 2179 38
243 2180 28
339 2181 15
2182 552 12
2169 2174 40
2169 2183 40
2169 2170 40
2184 2185 50
2184 2185 50
2184 2185 50
2186 1437 49
2187 2188 69
2189 2190 88
1416 2191 44
2194 2195 80
2196 552 12
562 2197 58
2198 1 0
2200 2201 32
2203 2204 27
2205 813 14
1416 2206 44
322 2207 28
2208 2209 17
2211 2212 34
2214 2215 12
182 2216 48
2217 2218 141
1925 2207 28
2219 2220 12
2221 2222 28
182 2223 45
1232 2224 41
940 1891 62
1978 813 14
2226 1 0
2228 128 20
2229 2230 15
182 2231 48
1245 64 0
2232 2233 15
2236 2237 20
576 2238 12
2239 2240 103
2241 2242 40
146 2245 38
146 2246 38
146 2245 38
146 2247 38
146 2247 38
146 2248 38
146 2246 38
146 2248 38
146 2245 38
146 2245 38
146 2248 38
2250 1579 14
2251 64 0
1673 2254 4
423 2254 4
2255 2256 64
2257 102 31
2258 2259 12
2260 121 32
182 1414 48
2264 9 0
2265 401 41
1405 2266 8
404 2267 2
1900 474 14
2268 2269 134
1900 562 14
2270 2271 28
2272 34 14
2273 2274 38
2272 2275 14
2276 2277 15
886 2278 28
2279 64 0
1405 1406 8
2282 2283 28
2284 9 0
965 2285 12
1571 2287 4
668 2287 4
2288 2289 14
2290 2291 15
2292 2293 34
251 292 40
2296 2297 20
2298 2299 75
1467 2300 38
1467 2301 38
1467 2302 38
1467 2300 38
1467 2303 38
1467 2304 38
1467 2303 38
1467 2300 38
1467 2302 38
1467 2302 38
1467 2305 38
1467 2301 38
1467 2304 38
1467 2306 38
1467 2306 38
1467 2300 38
1467 2304 38
1467 2302 38
1467 2304 38
2307 2308 11
449 451 38
449 451 38
449 2309 38
449 2309 38
449 2310 38
449 2310 38
449 451 38
449 2310 38
449 2310 38
2311 873 64
533 2312 49
1228 20 7
1637 2315 54
2316 2315 54
2317 2318 144
2319 2320 36
2322 2323 50
2322 2323 50
2322 2323 50
2324 2325 119
2326 2327 8
146 477 38
146 2328 38
146 478 38
146 2328 38
146 2329 38
146 2329 38
146 478 38
146 2328 38
146 2329 38
146 2330 38
146 2330 38
2331 2332 145
2331 2332 145
2331 2332 145
2331 2332 145
391 2333 17
2334 2335 61
1014 2336 2
2337 2338 8
2339 1800 88
1194 2340 49
2341 2342 28
1683 2343 12
2344 1599 69
2345 2346 50
2345 2346 50
2345 2346 50
2347 2348 88
2349 177 34
2350 2351 146
1645 2352 48
387 2353 51
2354 2355 28
391 2356 17
2357 2358 59
2359 2360 136
2361 2362 2
961 2363 2
2364 1569 27
83 2366 26
2367 1 0
2367 9 0
1626 470 38
2369 64 0
2369 1 0
2370 2371 78
681 2356 17
2372 2373 8
1626 1433 38
1626 2374 38
1626 1433 38
2375 206 49
420 2378 65
672 2379 80
2380 2381 36
615 2382 95
295 2383 62
2384 2385 66
2386 2387 112
2388 64 0
2389 2390 62
2393 2394 2
2395 2396 41
2397 2398 40
2399 2400 34
71 2401 25
2402 2403 20
2404 2387 112
2406 64 0
2406 9 0
2407 2408 49
295 793 8
198 2411 38
198 2411 38
198 2412 38
198 2412 38
198 2412 38
198 2413 38
198 2414 38
198 2414 38
198 2411 38
198 2413 38
198 2411 38
2415 2416 40
295 2417 8
1409 2418 8
1588 2420 2
2421 2422 101
2423 2424 137
1683 2425 69
413 2426 51
814 815 13
2427 2428 147
2430 1 0
2430 64 0
1313 2431 48
2433 2434 32
688 2435 7
688 2435 7
1051 2437 28
2438 2439 69
230 2440 2
99 2437 28
2441 2442 148
102 2443 4
1954 2444 12
2445 2446 49
2430 64 0
2430 1 0
2430 9 0
2447 2448 68
251 287 40
2449 14 0
2450 2451 28
2452 526 17
2453 2454 41
2456 2457 13
19 20 7
2377 723 12
214 2458 2
2459 9 0
2460 2461 26
2462 2463 31
1666 32 13
2109 2466 34
301 2467 8
883 2468 8
883 884 8
2316 73 54
1637 73 54
1637 73 54
2470 2471 61
2472 813 14
1343 2473 28
216 723 12
681 2474 17
2472 1013 14
2472 2476 14
2477 2478 72
2326 2479 8
2480 2141 34
2481 193 74
1054 2483 87
2259 2485 20
1068 2486 51
182 2489 45
106 2490 25
2491 1610 14
1340 2492 101
2493 2494 38
2495 2496 26
2497 2498 80
2499 2500 12
2501 2502 70
1125 2503 34
2504 615 49
2505 859 14
410 2513 15
2514 1157 38
2514 1157 38
2515 9 0
2515 1 0
2516 1680 9
2519 64 0
457 226 49
2521 2522 14
2523 2524 56
522 2526 34
2527 1 0
2528 2529 12
2177 2530 28
2531 1 0
2519 14 0
2532 2533 26
2534 2535 32
2536 2537 46
2540 132 0
2540 64 0
2541 9 0
2542 1120 34
1076 2543 11
2540 1 0
2545 1 0
2545 64 0
2547 2548 80
2549 2550 28
2551 2552 108
2553 2548 80
1040 2554 41
2545 64 0
1079 2555 11
2557 2558 101
2559 2560 72
2542 2561 34
2562 2563 66
669 2566 12
2569 729 31
2129 2570 11
182 2571 45
1570 1571 31
1212 659 12
2572 668 31
2572 10 31
2573 2574 2
1388 2575 51
339 2576 15
2577 2578 9
2579 2580 28
2581 2582 53
2583 9 0
2583 1 0
641 2584 25
2583 64 0
2583 9 0
708 2585 2
2586 2587 50
2586 2587 50
435 1720 12
2590 207 20
2591 2592 83
2372 2593 8
1110 682 17
1051 2595 28
391 2597 17
2600 2382 95
527 2601 28
1306 2602 28
2603 2604 65
2605 2606 81
2607 2608 12
2072 2609 136
1592 2610 8
2613 2614 53
2615 2616 70
29 2617 12
2618 2619 28
2620 2621 20
2472 311 14
2622 9 0
2622 1 0
2623 2624 20
398 2625 28
1592 2626 8
182 2627 48
2622 1 0
2622 132 0
99 2630 28
2631 2632 8
2631 2633 8
2514 2634 38
2514 2635 38
182 183 45
2637 2638 103
2639 1851 9
2640 2641 50
2640 2641 50
2642 1259 20
2631 2643 8
773 2644 15
2645 352 14
2646 2647 33
922 2648 2
2649 2650 50
2649 2650 50
998 1552 27
2631 2651 8
2652 2653 44
2654 98 31
1787 2657 28
1351 1735 20
1480 2658 8
2659 1 0
2659 14 0
2659 9 0
245 2660 15
2661 2662 31
1409 2663 8
1343 2665 28
2667 2668 68
558 2669 8
1298 2670 11
558 2671 8
558 2672 8
1213 2673 34
2326 2676 8
1149 2677 25
2678 2679 50
2678 2679 50
2680 193 74
2681 64 0
2683 206 49
2684 2685 2
2686 226 49
2688 226 49
133 2689 28
556 2690 68
2341 2693 28
2694 2695 153
2696 1 0
2697 1 0
2698 9 0
2699 2700 20
2698 64 0
248 2701 15
2702 1017 14
2703 2704 41
1313 2705 48
2706 2707 26
2708 2709 49
594 1 0
1626 1432 38
887 2710 26
2711 2712 90
1078 2713 81
410 2714 15
2715 2716 27
874 2719 69
2720 969 20
2724 2725 2
2726 1569 27
366 2727 8
2728 2729 19
2730 2731 20
2732 813 14
965 2733 12
2734 555 32
827 2735 27
2736 9 0
2736 64 0
2736 1 0
179 2737 12
661 662 81
2739 2740 123
1675 339 54
895 339 54
2741 2742 40
2741 2743 40
232 233 38
232 234 38
232 234 38
232 233 38
232 235 38
232 234 38
232 236 38
232 234 38
232 233 38
232 236 38
449 1746 38
449 2745 38
449 2746 38
449 2746 38
449 1746 38
449 2747 38
449 2746 38
449 1745 38
449 1746 38
449 1744 38
449 2745 38
449 1744 38
449 1745 38
449 1745 38
449 1744 38
449 1746 38
449 2746 38
449 2745 38
449 2746 38
449 2747 38
449 2745 38
449 1744 38
2748 2749 28
2750 2751 154
2752 2753 155
2752 2754 155
1794 2757 120
272 2760 69
2761 64 0
1286 2762 12
2763 918 49
366 734 8
400 2764 41
653 2765 17
2766 2767 50
2768 2769 27
198 2309 38
198 2309 38
198 2309 38
198 2770 38
198 2309 38
2771 1 0
2771 64 0
2372 2772 8
198 2773 38
198 2774 38
198 2774 38
198 2775 38
198 2773 38
198 2776 38
198 2773 38
198 2775 38
2777 2778 50
2779 2780 69
1467 2781 38
1467 2782 38
1467 2782 38
1467 2781 38
1467 1471 38
1467 1471 38
1467 1471 38
1467 2782 38
1467 2781 38
1467 2781 38
1467 2782 38
2783 630 27
2786 2787 12
2788 2466 34
2789 2790 41
25 2795 34
2796 2797 137
2798 737 88
2341 2799 28
2800 1207 12
1026 1879 20
2801 907 87
182 2802 48
1119 2067 34
449 1433 38
449 451 38
449 1734 38
449 1433 38
449 450 38
449 450 38
449 1734 38
449 1431 38
449 450 38
449 451 38
2803 2804 104
1026 1829 20
79 1250 27
2805 2806 50
2805 2806 50
2807 2808 50
2809 64 0
2809 9 0
2809 1 0
207 2810 69
1107 2811 8
2208 2812 17
2399 2813 34
2809 64 0
2809 9 0
2814 2815 20
2816 2817 112
2820 2821 8
2822 9 0
2822 1 0
1194 1195 49
661 2713 81
2823 9 0
2823 1 0
2814 598 20
2828 2829 64
2830 1132 111
166 2831 12
2823 9 0
2832 2578 9
2393 2833 2
2822 1 0
2835 2225 91
2835 2836 91
2837 2838 133
2837 2839 133
2837 2840 133
2837 1936 133
2837 2841 133
2837 2842 133
2456 2457 13
2845 2846 95
987 2848 38
2850 2851 66
2852 2853 90
2680 2854 58
2855 2760 12
987 2856 38
987 2857 38
71 2858 25
2859 2860 28
2861 2862 25
2863 2864 20
1554 2735 27
2865 615 49
2866 339 54
339 2867 15
1184 2377 20
2869 2403 20
2870 2871 20
2872 2873 49
2874 1 0
2091 2875 44
2874 9 0
2874 64 0
641 2876 25
2514 1158 38
2877 9 0
2877 1 0
2877 1 0
2877 14 0
2879 1 0
2879 9 0
339 2880 15
2879 1 0
2859 2881 28
2882 9 0
799 2883 8
1149 2884 25
1149 2885 25
2886 1 0
2887 2888 28
2889 1537 83
2890 9 0
2890 1 0
2893 2340 49
449 2745 38
449 1747 38
449 2894 38
449 1747 38
449 1747 38
449 2895 38
449 2745 38
449 2004 38
449 2894 38
1119 2561 34
2447 2896 68
2897 1 0
2897 64 0
2898 339 54
2899 206 49
2900 2901 28
2903 2904 27
2897 9 0
2905 9 0
2905 64 0
2899 226 49
2906 2907 28
2908 339 54
848 339 54
2908 339 54
784 2909 28
1228 2910 7
251 2911 40
2912 249 20
2913 64 0
2913 9 0
2914 339 54
2915 9 0
2917 184 20
2918 1013 14
1541 2919 2
2270 2920 28
2221 2921 28
2922 206 49
2923 2924 44
243 2925 28
2091 2924 44
2926 2927 20
198 2928 38
198 2929 38
198 2928 38
198 2930 38
198 2931 38
198 2932 38
198 2930 38
198 2931 38
198 2931 38
198 2933 38
198 2930 38
1577 376 12
2934 2034 34
2937 2938 17
2941 2942 28
410 2943 15
2944 410 54
1306 2945 28
2481 193 74
1992 1441 20
115 2947 69
2948 227 9
2949 1 0
2949 64 0
2950 2951 4
273 2951 4
2952 2953 34
343 2954 40
343 344 40
343 2955 40
343 2956 40
2958 813 14
1645 1646 48
1645 2959 48
133 2942 28
987 2960 38
987 2961 38
987 2961 38
987 2961 38
987 2960 38
1217 81 12
2962 773 54
2326 2964 8
1079 2965 95
2966 2967 75
2970 1235 32
2971 1437 49
2974 2975 34
2976 2977 88
512 2978 12
2979 2980 36
47 2982 17
2983 2984 26
2985 2978 12
2986 34 14
2987 1657 20
2988 2989 69
19 1828 7
19 1828 7
19 1828 7
19 1828 7
19 1828 7
19 1828 7
19 1828 7
19 1828 7
19 1828 7
19 1828 7
19 1828 7
19 1828 7
19 1828 7
19 1828 7
19 1828 7
19 1828 7
19 1828 7
19 1828 7
19 1828 7
1416 2990 44
2991 64 0
937 2992 2
2993 2994 28
2995 64 0
2996 62 9
2995 64 0
2995 1 0
818 2998 27
773 2999 15
3000 2358 59
2996 24 9
539 692 12
2991 9 0
3001 3002 78
3003 3002 78
3004 3005 15
3006 578 31
603 474 14
3008 3009 49
3010 1 0
3010 64 0
3011 3012 20
3013 3014 26
198 3015 38
198 235 38
198 989 38
198 235 38
198 235 38
198 3016 38
198 3016 38
198 3016 38
198 3015 38
198 235 38
2949 64 0
3017 3018 119
3019 1 0
1380 3020 51
3021 1943 27
410 3022 15
1816 3023 2
3024 1600 31
2208 3025 17
3026 3027 48
449 450 38
449 900 38
449 3028 38
449 3028 38
449 3029 38
449 450 38
449 900 38
449 1432 38
449 1432 38
449 760 38
449 760 38
449 3029 38
449 900 38
449 1432 38
449 3029 38
449 3028 38
449 1434 38
449 760 38
449 450 38
449 1433 38
449 3029 38
449 1434 38
449 1971 38
449 1433 38
449 1433 38
449 760 38
3030 1 0
3030 64 0
387 3031 51
3032 3033 50
3034 1680 9
1223 3035 69
3036 3037 12
3038 3039 40
3038 3040 40
3041 3042 28
2368 416 12
3038 3043 40
3038 3044 40
3038 3045 40
3038 3039 40
3038 3046 40
3047 729 31
3048 3049 34
641 3050 25
3051 625 20
3052 9 0
2887 2799 28
3053 3054 52
3055 1 0
3056 3057 50
3056 3057 50
0 9 0
0 64 0
1677 1659 27
3058 3059 66
267 3060 41
3061 1 0
3061 64 0
3062 1074 20
3063 3064 50
3063 3064 50
987 3066 38
3067 3068 120
3071 3072 56
3074 9 0
1467 3075 38
1467 3076 38
1467 3076 38
1467 3077 38
1467 3078 38
1467 3077 38
1467 3079 38
1467 3079 38
1467 3079 38
3081 1437 49
527 3082 28
3083 64 0
1313 532 48
3084 64 0
3074 9 0
2250 663 14
3086 3087 147
3088 3089 17
1149 1150 25
1621 3090 8
1116 255 12
1994 3092 17
2298 3093 75
3094 3095 50
3094 3095 50
3094 3095 50
3096 1235 32
3097 1 0
3097 64 0
3097 1 0
2372 3098 8
3099 2160 12
1313 3100 48
1221 3100 48
182 3100 48
3101 3102 48
2684 3103 2
251 252 40
3104 3105 44
207 3106 12
3107 3108 50
1588 3109 2
3110 3111 14
366 3112 8
71 3113 25
3114 1 0
3114 9 0
731 3115 4
363 1 0
363 64 0
3114 64 0
3116 3117 40
3119 3120 11
182 3121 48
75 3124 11
3125 3126 20
3128 806 158
1323 3129 28
3131 3132 68
1541 3133 2
3134 737 88
3135 1561 64
1645 3136 48
1888 3137 12
3138 3139 64
3140 3141 70
3142 1624 83
182 3143 48
182 3144 48
3145 64 0
81 3146 20
1164 520 12
641 3147 25
3056 3148 50
3056 3148 50
3056 3148 50
3056 3148 50
2908 339 54
3149 3150 34
1099 3151 44
653 3152 17
750 64 0
750 1 0
1042 3153 12
3154 2225 56
3145 9 0
3145 64 0
182 532 48
3026 532 48
53 3155 19
3157 1986 101
1313 3158 48
3159 3160 12
3161 3162 34
3163 447 12
2297 3164 12
1264 3165 41
3167 2156 69
431 3165 41
3168 3169 14
3170 2026 95
2527 9 0
2527 1 0
3173 1788 28
1149 3174 25
29 3164 12
3168 3175 14
2508 3179 26
3181 64 0
3182 3183 20
3184 339 54
31 32 13
2508 3185 26
1877 562 14
576 552 12
3186 3187 50
3186 3187 50
3186 3187 50
3188 3189 50
3188 3189 50
3188 3189 50
3190 3191 50
182 3192 48
3193 64 0
3194 3195 65
3196 64 0
3197 3198 50
3197 3198 50
3201 1960 15
464 3202 68
3196 9 0
3196 64 0
3203 555 32
3210 3211 15
3212 1 0
1228 3213 7
1888 3216 69
3217 3218 81
1663 3219 69
3220 1572 31
3221 1 0
3221 64 0
3222 3223 103
3224 2403 20
3221 9 0
3212 64 0
3225 3226 12
3227 3228 160
2326 3229 8
3230 64 0
3230 1 0
3231 9 0
3231 64 0
3232 3233 36
3234 1070 20
641 3235 25
3236 3237 70
366 2727 8
3238 3239 20
3240 9 0
3240 1 0
1149 3241 25
3243 2124 34
3244 3245 41
1223 2620 69
3246 9 0
3246 64 0
1441 947 12
653 718 17
3249 3250 25
449 3251 38
449 1271 38
449 1272 38
449 259 38
449 3252 38
449 259 38
449 3251 38
449 1272 38
449 259 38
449 3252 38
449 1613 38
449 3252 38
449 1613 38
449 3252 38
449 1613 38
449 1272 38
449 3251 38
3255 3256 15
3257 9 0
3258 3259 145
3258 3260 145
3258 3261 145
3258 3261 145
3258 3261 145
3258 3259 145
3258 3260 145
3258 3260 145
3258 3261 145
3258 3259 145
3258 3259 145
3258 3261 145
3258 3260 145
3258 3260 145
3258 3260 145
3258 3261 145
3258 3261 145
3258 3260 145
3262 947 12
232 1433 38
232 1432 38
232 3263 38
232 469 38
232 469 38
232 1433 38
232 3263 38
3266 1826 20
577 578 31
3268 1 0
788 3062 12
3269 1 0
3271 3272 49
3273 206 49
3274 1 0
3276 1 0
653 3279 17
3280 3281 88
3282 9 0
3282 1 0
3283 3284 106
3285 553 20
3288 458 49
3274 1 0
3274 14 0
3290 3291 17
2493 3293 38
3294 3295 20
71 3113 25
3296 3297 12
653 3298 17
3299 3300 12
987 1615 38
987 1615 38
987 1616 38
987 1615 38
3303 9 0
3303 14 0
3304 3305 2
3306 3307 78
3308 3309 64
2438 3310 69
3311 9 0
3311 14 0
550 3312 103
3313 64 0
3314 3315 41
3313 1 0
3313 64 0
2334 2335 61
1611 1943 27
2941 3317 28
1164 2737 12
3318 3319 68
3320 3320 61
133 3317 28
3321 3322 20
3323 64 0
576 3324 12
719 3325 15
1005 1006 31
3318 3328 68
3329 1851 9
3330 3331 15
987 3332 38
99 3333 28
3081 728 49
2197 1123 14
773 3334 15
1816 5 2
1221 2705 48
719 3337 15
182 3338 45
3329 24 9
1081 112 33
19 20 7
1104 3340 119
3210 103 15
3342 1 0
3343 105 32
3344 3345 50
3344 3345 50
3346 64 0
3347 728 49
3350 3351 37
3352 1 0
3352 14 0
3352 64 0
3352 64 0
3352 9 0
1844 126 34
3353 2904 77
3036 3354 12
251 287 40
3355 3356 77
3357 14 0
3357 64 0
85 64 0
71 802 25
3358 3359 20
329 2989 12
3360 132 0
3360 64 0
3360 132 0
3360 9 0
3360 1 0
3361 1024 14
49 3362 8
49 3363 8
3364 3365 69
641 3366 25
3367 3368 32
3369 3370 50
49 3371 8
3372 759 69
3373 64 0
3373 1 0
339 3374 15
2993 3377 28
3380 102 31
3381 3382 12
449 450 38
449 761 38
449 1971 38
449 1971 38
449 1971 38
449 1433 38
449 450 38
449 450 38
449 1971 38
449 1971 38
449 3383 38
449 3384 38
449 3384 38
449 3384 38
449 1433 38
449 3385 38
449 3383 38
449 3386 38
449 450 38
449 3387 38
449 3387 38
449 3387 38
449 3383 38
449 3384 38
449 3385 38
449 3383 38
449 3383 38
449 3386 38
449 3386 38
449 3385 38
449 3384 38
449 3387 38
449 3386 38
449 450 38
449 3383 38
449 1433 38
449 1433 38
449 3386 38
239 3388 53
3391 3392 41
3393 2202 8
3394 2867 15
3393 3395 8
3396 2022 66
2865 857 49
3397 3398 20
3393 3399 8
782 3400 41
1611 3401 27
3402 3403 36
1221 3406 48
1221 3407 48
3394 3408 15
3053 3409 2
3410 3411 70
3412 3413 164
3412 3413 164
3412 3413 164
3412 3413 164
603 1017 14
3414 1659 27
2159 193 74
3416 206 49
3417 1207 69
653 3418 17
1458 1 0
1458 14 0
3419 3420 49
578 3421 87
47 3418 17
589 810 28
182 3422 45
1005 3423 31
3424 3425 28
3426 3427 59
2444 3428 20
3429 64 0
3430 943 27
3431 3432 25
612 3436 69
3437 3438 40
3429 64 0
3439 3440 20
3441 3442 32
1758 9 0
3443 3444 61
1306 3445 28
106 3446 25
973 3391 56
339 130 15
3447 881 34
3448 3449 70
3450 3451 17
3452 3453 28
3454 3455 41
3456 3457 111
3450 3458 17
3454 3060 41
3460 35 14
3461 1825 7
3462 3463 83
2717 3464 11
273 3465 87
232 3468 38
232 3469 38
232 3468 38
232 1732 38
232 1732 38
232 3469 38
232 3469 38
232 1732 38
232 3468 38
3470 206 49
214 231 2
1857 3471 27
3472 3473 2
3474 3475 14
621 3476 39
3479 445 20
3480 3481 20
693 3484 12
3485 3486 8
3487 3488 34
3489 3488 34
243 3490 28
3491 3492 41
198 470 38
198 470 38
198 1432 38
198 1432 38
198 470 38
198 1432 38
198 470 38
198 199 38
198 199 38
198 199 38
3493 3494 20
182 3496 45
3497 193 74
1621 3502 8
1313 3503 48
3504 3505 20
3506 1017 14
3507 2548 80
3508 3509 12
2520 3510 12
106 3511 25
2993 3514 28
484 3509 12
1409 3515 8
3516 3517 148
3518 3519 49
438 3520 20
3521 9 0
251 2911 40
3522 1024 14
2429 1889 12
1156 193 74
550 3523 44
3524 3525 50
3524 3525 50
786 3528 8
786 3529 8
1267 3530 40
3531 3532 26
3533 3534 81
3535 980 101
430 3536 20
3537 3538 66
2337 3539 8
1054 3542 4
98 3542 4
3543 3544 103
339 3545 15
2257 1682 31
77 3547 95
3548 2054 27
784 3549 28
3550 102 31
2495 3551 76
1362 632 15
2038 329 20
3553 14 0
3553 9 0
3553 1 0
182 3554 48
3555 2128 27
2074 2797 137
3557 14 0
2259 3558 20
3559 3560 70
3553 1 0
3553 14 0
3563 1169 20
449 236 38
449 234 38
449 1731 38
449 234 38
449 1731 38
449 235 38
449 234 38
449 1731 38
449 236 38
2146 3564 38
3565 9 0
2786 3566 12
3567 1 0
3567 64 0
2974 397 34
1071 3569 20
3570 64 0
3571 3572 64
2407 1242 49
3573 3566 69
3574 3378 64
3577 3578 28
681 3581 17
2044 3584 51
3585 9 0
3585 1 0
3586 3587 50
3586 3587 50
3586 3587 50
198 1929 38
198 1929 38
198 1933 38
198 1929 38
198 1932 38
198 1932 38
198 1933 38
198 1930 38
198 1932 38
198 1932 38
3588 1863 20
182 3589 48
1264 783 41
3590 3591 50
3590 3591 50
3590 3591 50
3592 2709 49
784 3593 28
3594 3595 27
3596 955 97
3597 64 0
3597 1 0
1768 3599 2
1129 3600 20
3601 1276 34
123 3602 69
3603 9 0
3603 1 0
359 3605 44
3607 3608 44
3609 3610 26
1729 3611 64
400 3613 11
3614 3615 70
3616 1 0
3616 64 0
1383 3617 34
3616 64 0
3618 3619 64
2146 261 38
2146 261 38
3620 3621 88
3622 1569 27
512 2733 12
2923 3623 44
2146 262 38
2146 3624 38
2146 262 38
3625 3626 33
3627 1569 27
2146 3628 38
2146 3629 38
3630 2463 31
3630 3631 31
3630 1682 31
3632 3633 8
3634 3635 32
3636 3637 20
3437 3638 40
3424 2451 28
1323 2451 28
3639 244 28
118 3640 28
1149 3641 25
3642 3643 8
1221 3554 48
182 3554 48
232 235 38
232 234 38
232 450 38
232 233 38
232 235 38
232 236 38
232 236 38
232 234 38
232 450 38
232 233 38
232 450 38
232 450 38
232 450 38
232 235 38
232 234 38
232 233 38
232 235 38
232 236 38
232 234 38
232 450 38
232 234 38
232 233 38
232 450 38
232 233 38
232 236 38
232 234 38
232 234 38
232 234 38
3645 226 49
825 3646 8
710 3647 2
3648 64 0
400 3649 41
3650 3651 15
2453 3649 41
3652 1845 34
3653 3654 72
653 3657 17
886 3658 28
230 358 2
2836 3649 41
3662 3663 50
1171 813 14
99 498 28
3664 3665 56
3664 2225 56
3666 3667 44
683 3668 12
3669 3125 12
3670 3671 20
649 3673 17
3157 1986 101
12 3674 4
1600 3674 4
3675 501 27
3678 1226 12
3679 3680 64
1555 3681 20
3682 3683 12
562 3684 58
3685 3686 42
3685 3686 42
3687 401 41
3689 3690 26
3668 3691 20
3692 9 0
4 1868 2
3693 3694 78
3695 3694 78
3001 3694 78
3003 3694 78
3696 64 0
3696 1 0
1575 3697 12
3698 3699 12
784 3701 28
3702 3703 27
3704 339 54
3705 339 54
3706 3707 59
3708 9 0
3709 3710 27
398 3711 28
3712 9 0
3712 1 0
3713 3714 9
3715 3351 37
3716 3717 28
3718 3719 2
3720 3721 8
3720 3722 8
996 3723 34
886 3724 28
3725 3726 34
604 3522 58
30 2286 20
3728 1 0
3729 3730 38
3729 3731 38
3729 3730 38
3729 3732 38
3729 3730 38
3729 3732 38
3729 3730 38
3729 3732 38
3729 3733 38
3729 3730 38
3729 3733 38
182 3734 48
683 3668 69
518 3473 2
3720 3738 8
3739 14 0
3739 1 0
3739 64 0
3740 3741 59
3742 1 0
3743 9 0
3742 14 0
3742 9 0
2877 9 0
2877 1 0
3742 14 0
3742 64 0
3742 9 0
182 3744 48
3745 2054 27
3746 14 0
3748 64 0
3748 14 0
1577 3749 69
1541 3750 2
589 3751 28
8 64 0
8 9 0
198 1733 38
198 3752 38
198 3753 38
198 3752 38
198 1731 38
198 1733 38
198 1731 38
198 900 38
198 900 38
198 900 38
198 900 38
198 1731 38
198 3753 38
198 1731 38
1662 3749 12
2208 3754 17
2393 3755 52
3756 3757 50
3756 3757 50
1221 3758 48
1221 3759 48
1388 3760 51
1149 3761 25
3762 3763 50
3762 3763 50
1286 3125 69
3764 3765 14
232 1615 38
232 1617 38
232 1614 38
232 1272 38
232 1615 38
232 1272 38
232 1617 38
232 1613 38
232 1615 38
232 1616 38
232 1616 38
232 1615 38
232 1616 38
232 1615 38
232 1616 38
3766 3767 20
3768 3769 64
3770 1332 12
500 3771 27
1265 3772 7
1265 3772 7
1265 3772 7
1265 3772 7
1265 3772 7
182 535 48
3773 3774 20
2142 3775 28
3776 3777 53
3778 3779 1
366 3780 8
2590 1556 20
2135 3781 12
449 3782 38
449 3782 38
449 3783 38
449 470 38
449 1433 38
449 1432 38
449 470 38
449 1433 38
449 470 38
449 3782 38
118 3784 28
3785 3786 34
3787 35 14
3394 3788 15
3304 3789 2
2447 3790 68
3792 9 0
3792 64 0
3793 3794 103
3795 857 49
3796 3797 40
3796 3798 40
3799 206 49
3800 3801 27
3802 3803 64
3804 3805 12
3806 206 49
3807 3808 50
3807 3808 50
3807 3808 50
3809 3810 50
3809 3810 50
3811 3812 48
182 3812 48
387 3813 51
3814 3815 165
3816 1190 112
3817 3818 83
3819 3820 28
3821 3822 20
449 3823 38
449 1746 38
449 3824 38
449 3825 38
449 3824 38
449 3825 38
449 3823 38
449 3826 38
449 1746 38
1787 3784 28
3827 3828 64
769 3821 12
3829 3830 50
3829 3830 50
3829 3830 50
3829 3830 50
3829 3830 50
243 3820 28
2372 3832 8
3835 773 54
3836 9 0
1362 3837 15
1630 3838 12
689 64 0
3839 1 0
3840 64 0
3840 1 0
3841 3842 76
3843 1678 27
3840 1 0
3840 9 0
139 3844 11
3845 64 0
3845 132 0
3845 9 0
866 9 0
3846 3847 66
3848 3849 69
3850 857 49
3851 339 54
3852 339 54
3853 3854 14
182 3855 48
3856 9 0
248 3857 15
3858 3859 28
182 3860 48
3861 416 69
2861 3862 25
3863 3864 50
3865 9 0
3866 3867 2
3868 3869 91
3870 3871 50
3870 3871 50
3872 3873 42
1458 1 0
3877 3878 165
3879 1024 14
12 3881 4
3882 318 61
3883 339 54
3884 3885 167
3888 3889 42
3890 2585 2
47 3891 17
1116 2038 12
1480 3892 8
3893 64 0
319 64 0
3894 719 54
1286 875 69
3896 719 54
3897 719 54
182 2223 45
3898 3899 50
3900 1 0
2037 1555 12
3901 339 54
3904 1812 34
3905 3906 20
3609 432 41
3907 1 0
3907 64 0
3908 3909 20
3910 3911 64
3912 3913 33
3914 14 0
550 3915 44
813 3916 58
3917 491 34
542 491 34
3920 339 54
3921 3175 14
357 3922 2
3923 3924 12
3925 3926 146
3927 10 31
3928 3929 50
3928 3929 50
3928 3929 50
3928 3929 50
3928 3929 50
3930 3931 36
3921 44 14
182 3932 48
3933 9 0
3933 1 0
182 3934 45
3439 3322 20
653 3935 17
2277 339 54
2277 339 54
3936 1526 34
3482 3939 169
1149 3940 25
3941 1714 27
1117 256 20
232 3942 38
232 3943 38
232 3942 38
232 3944 38
232 3943 38
232 3944 38
232 3943 38
3945 427 64
88 3946 15
2450 3947 28
3948 3949 12
3950 3951 42
3952 2026 95
1340 1341 101
3949 3953 20
827 3954 27
2520 3955 69
1058 798 7
1058 798 7
729 3956 87
3957 3162 34
3958 3129 28
3959 3960 70
1662 3961 12
1113 3962 106
3393 3963 8
571 2680 14
47 3965 17
1600 3967 4
273 3967 4
13 3967 4
3968 3969 50
3968 3969 50
3970 64 0
3970 9 0
912 597 12
198 1432 38
198 470 38
198 470 38
198 901 38
198 1435 38
198 470 38
1994 3972 17
3973 3974 155
924 3975 8
3976 3977 20
182 3978 48
3980 14 0
3980 64 0
251 252 40
3981 9 0
3982 1678 27
3983 1655 27
3984 311 14
2854 2275 14
3985 3986 11
3988 3989 12
3990 3991 103
182 3992 48
182 3992 48
3993 3994 65
373 3995 17
349 3996 2
3997 1598 74
601 138 36
3998 3999 112
4000 4001 28
4003 2466 34
1990 2607 20
4004 4005 170
4006 64 0
970 4007 28
400 3165 41
4009 4010 50
4009 4010 50
4009 4010 50
4011 4012 75
4011 4013 75
4014 3999 112
4015 121 32
3125 4016 20
3364 277 69
1899 2732 58
4017 4018 40
4019 4020 50
4019 4020 50
4019 4020 50
4019 4020 50
3506 562 14
2372 4021 8
2326 4022 62
2270 4023 28
1212 2623 12
245 4024 15
639 4025 78
2974 1583 34
4026 4027 50
4026 4027 50
413 4028 51
3841 2224 41
1110 4029 17
672 4030 80
956 4030 80
4031 4032 26
4033 4034 50
4033 4034 50
4035 4036 17
232 4038 38
232 4039 38
232 4040 38
232 4038 38
232 4038 38
232 4039 38
232 4041 38
232 4040 38
232 4039 38
232 4040 38
232 4039 38
4042 226 49
4043 339 54
4044 339 54
2861 4045 25
4046 1 0
4046 14 0
4047 1847 26
2276 4048 15
4049 2335 61
71 4051 25
4052 806 172
4053 4054 50
2887 4055 28
218 4055 28
232 4058 38
232 4058 38
232 236 38
232 4059 38
232 4058 38
232 4059 38
232 4058 38
232 236 38
232 4059 38
232 4058 38
232 235 38
232 235 38
232 236 38
232 235 38
232 236 38
71 4061 25
1658 2904 27
106 4062 25
4063 4064 50
4063 4064 50
4063 4064 50
4063 4064 50
4063 4064 50
4063 4064 50
4065 9 0
4065 1 0
895 3394 54
895 3394 54
1675 3394 54
4066 4067 42
85 64 0
2284 9 0
4068 206 49
4068 206 49
3843 2769 27
4068 206 49
572 4069 58
4070 3359 20
1814 4071 53
4073 4074 136
3639 3514 28
4075 64 0
2012 1892 17
428 723 69
391 4076 17
1467 4077 38
1467 4078 38
1467 4077 38
1467 3384 38
1467 4078 38
1467 4079 38
1467 3384 38
1467 4077 38
1467 4078 38
1467 4080 38
3601 4081 34
1132 4082 8
4083 4084 26
88 4085 15
3294 1991 20
3304 4086 2
4087 4088 41
4089 401 41
1798 4090 78
740 4090 78
741 4090 78
4091 4090 78
1799 4090 78
4092 4093 27
404 4094 2
4095 401 41
4096 9 0
4096 1 0
4098 9 0
4098 1 0
4099 1 0
4100 775 80
295 1444 8
4101 64 0
4101 1 0
4102 1013 14
4103 775 80
4101 1 0
4105 193 74
182 4106 45
4107 1 0
182 4110 48
182 4110 48
3811 4110 48
3811 4110 48
3811 4110 48
182 4110 48
4099 1 0
4111 4112 50
4113 9 0
4114 4115 83
4118 820 28
4119 4120 66
207 4125 12
4126 4127 26
4128 256 20
784 2143 28
816 523 34
3849 4130 20
391 4133 17
1467 4136 38
1467 4136 38
1467 1929 38
1467 4136 38
1467 1932 38
1467 4137 38
1467 4137 38
4138 9 0
581 4139 25
4140 4141 40
4140 4142 40
4140 4143 40
4140 4144 40
4140 4145 40
4138 64 0
4138 9 0
3718 4146 2
4128 4147 20
142 4148 9
3104 4149 44
3566 3239 20
4150 1475 11
4151 4152 64
182 4156 48
1583 193 74
4157 4158 1
2795 193 74
4159 4160 40
4159 4161 40
4159 4162 40
4163 2753 155
4163 2754 155
1621 2261 8
1340 4164 101
3555 824 27
182 4167 48
4168 4169 70
4170 4171 50
4170 4171 50
4170 4171 50
1722 4174 41
1634 4175 12
420 4177 65
4178 4179 17
806 699 76
2771 9 0
106 4180 25
1443 2135 20
2906 4181 28
771 1 0
771 64 0
3819 4182 28
2132 4183 83
4184 865 69
4185 831 27
4186 857 49
4187 4188 26
980 4189 155
2298 4190 75
4192 4193 70
4195 410 54
4196 4197 4
3194 4198 65
932 934 40
932 939 40
932 946 40
932 950 40
1173 4200 51
232 4201 38
232 4202 38
232 4202 38
232 4202 38
232 4201 38
232 4201 38
232 4203 38
232 4204 38
232 4204 38
232 4203 38
4206 3854 14
883 4207 8
1876 999 27
497 4208 28
1571 4209 4
102 4209 4
1323 3445 28
4210 4211 54
4213 339 54
4214 339 54
4213 339 54
387 4200 51
3776 17 53
4217 1208 20
4218 559 112
184 4219 12
4220 339 54
4221 339 54
471 1992 69
4222 4223 7
4222 4223 7
729 4224 87
1609 35 14
773 4226 15
1973 4227 26
1992 1790 20
641 4230 25
282 1 0
2091 2206 44
4231 1 0
4231 64 0
4232 4233 20
680 3714 9
4234 4235 32
710 4236 2
4237 64 0
4237 9 0
4238 4239 20
4237 9 0
4240 458 49
4241 458 49
4242 1 0
4242 64 0
4242 9 0
4242 64 0
1830 4243 20
4231 64 0
4231 9 0
4244 64 0
4244 1 0
4244 132 0
4245 458 49
4246 4247 11
4244 1 0
4244 132 0
4175 1662 20
4248 1 0
4248 64 0
4249 4250 178
4251 4252 69
4255 2985 20
4256 9 0
2579 4257 28
4258 9 0
4258 1 0
4258 14 0
4259 2706 56
4262 1 0
895 4211 54
4263 339 54
4263 339 54
4264 9 0
3393 2687 8
4265 9 0
4266 2795 34
4267 4268 78
4269 4268 78
4270 80 27
4271 193 74
4272 4272 119
4273 4274 64
391 4275 17
1365 4276 26
622 4277 28
4278 4279 50
4278 4279 50
2270 2945 28
2779 1026 69
4280 4281 155
4280 2753 155
4280 4282 155
4280 4283 155
4280 4284 155
4280 3974 155
4285 4286 0
2606 798 7
2606 798 7
3372 4287 69
4288 2054 27
251 4289 40
2265 1232 129
4290 9 0
4290 64 0
4291 4292 20
4293 4294 49
4295 819 27
550 4296 44
663 2986 58
4297 64 0
4297 14 0
4297 9 0
4298 562 14
4299 1061 103
1405 4300 8
4303 4304 36
4305 3379 64
1079 4306 179
1079 4306 179
4307 4308 90
1538 3480 12
216 4309 69
413 4310 51
1467 1435 38
1467 1432 38
1467 2309 38
1467 451 38
1467 451 38
1467 2309 38
1467 1435 38
1467 1432 38
1467 451 38
1467 1435 38
1467 450 38
1467 450 38
1467 2309 38
1467 450 38
1467 1432 38
1467 1432 38
1467 2309 38
1467 450 38
1467 1435 38
1467 451 38
1467 451 38
1467 1432 38
1467 2309 38
1467 2309 38
1467 451 38
578 4311 4
4312 4311 4
2514 4313 38
2579 4314 28
1683 3484 69
4315 4316 42
4317 4318 147
182 4319 48
1645 4320 48
404 4321 2
1573 4322 38
198 1930 38
198 1930 38
198 1932 38
198 4323 38
198 4323 38
198 4323 38
4324 9 0
322 4325 28
19 2435 7
4326 4327 50
4326 4327 50
4326 4327 50
216 2103 69
4328 1 0
1066 4329 104
527 4330 28
4331 4332 20
4333 4334 28
4328 64 0
4335 2318 144
1573 988 38
4338 4339 41
1467 4340 38
1467 4341 38
1467 1272 38
1467 4340 38
1467 1271 38
1467 262 38
1467 4340 38
1467 1272 38
1467 1271 38
1467 262 38
1467 262 38
4342 2717 56
4342 4343 56
4342 2225 56
4342 3391 56
4342 39 56
729 4344 4
4345 4346 50
10 4350 4
4351 4350 4
3088 2982 17
391 4352 17
4353 630 27
621 773 54
31 32 13
39 4354 76
500 4355 27
681 2982 17
1399 435 20
4357 4358 33
182 4359 45
4360 9 0
4360 1 0
4361 4362 28
2239 2240 44
4364 3909 20
2861 3862 25
4365 9 0
3149 4368 34
3194 3994 65
4365 9 0
4370 1 0
1169 4371 12
1122 4372 20
2975 193 74
4353 1858 27
111 4374 33
198 4375 38
198 4039 38
198 4039 38
198 4376 38
198 4377 38
198 4378 38
198 4375 38
198 4378 38
198 4377 38
198 4375 38
198 4378 38
198 4039 38
4379 4380 40
157 4381 15
4382 4383 50
4382 4383 50
2900 4384 28
4385 4386 32
4387 9 0
4388 4389 50
4390 1035 13
1573 1874 38
1876 1858 27
4391 64 0
4391 64 0
823 1250 27
1218 4392 20
4393 864 20
2836 4394 76
4395 4396 28
4397 38 14
569 87 28
4399 676 32
339 4024 15
1775 4401 2
4403 4404 12
4405 4406 33
182 4407 48
182 4407 48
4408 427 64
79 3401 27
2091 4409 44
4410 4411 26
4412 1054 31
4413 4414 134
2337 4416 8
4417 64 0
4417 9 0
4418 3974 155
569 4419 28
182 4420 45
4421 206 49
823 1237 27
4422 4093 27
1054 4423 4
4424 4423 4
4425 4423 4
731 4423 4
4426 1084 9
4427 615 49
1385 273 31
4428 226 49
4429 806 56
216 4430 69
2726 4093 27
4431 668 31
2887 1401 28
4432 1610 14
1241 2709 49
341 4433 2
243 4434 28
4437 4438 20
1485 193 74
4439 3162 34
4442 4443 56
4444 1058 81
4445 792 56
2645 813 14
4446 4447 34
124 4449 20
1877 4450 14
208 4451 20
3725 2503 34
4452 4453 52
4454 442 56
2344 1599 12
4455 4456 52
2780 4457 20
273 4458 4
1571 4458 4
449 4459 38
449 4459 38
449 1971 38
449 1971 38
1775 4460 52
569 4461 28
1658 2054 27
1626 4462 38
2429 3011 12
4463 4464 2
4465 3611 64
349 4466 2
4467 4468 80
4469 4470 34
4471 1166 20
4472 2578 9
4469 4473 34
1022 4474 64
490 1812 34
653 4475 17
755 1156 34
1405 4476 62
4477 4478 44
2407 2116 49
4472 1084 9
4479 64 0
4480 4481 87
347 4482 2
4483 1139 20
4484 2977 88
3460 1013 14
4485 2973 20
4484 4486 88
39 4487 76
4488 4489 50
4488 4489 50
4488 4489 50
4488 4489 50
4488 4489 50
4490 378 20
3131 4491 68
1605 4492 101
4493 1535 80
4494 4495 50
4494 4495 50
4494 4495 50
4494 4495 50
4494 4495 50
4494 4495 50
4494 4495 50
4467 4496 80
3652 1276 34
1249 1655 27
2037 4497 12
4498 156 32
4499 4500 50
1354 969 20
912 4501 12
2361 4502 2
4503 4504 41
3841 4505 76
4506 4507 160
4508 4509 44
308 4509 44
4510 352 14
4395 4511 28
449 1616 38
449 1614 38
449 1614 38
449 1616 38
449 1615 38
449 1617 38
449 1613 38
4512 4513 78
4514 4513 78
3695 4513 78
4516 1575 20
1311 1483 40
1311 1312 40
4518 1437 49
4519 4520 40
4519 4521 40
4519 4522 40
4519 4523 40
4519 4524 40
232 4525 38
232 235 38
232 4526 38
232 4525 38
232 4526 38
232 4527 38
232 2929 38
232 2929 38
232 4525 38
232 4525 38
232 235 38
232 4527 38
232 4527 38
4519 4520 40
4519 4524 40
4519 4528 40
4519 4529 40
4519 4530 40
4519 4523 40
4519 4531 40
4519 4524 40
4519 4532 40
4533 339 54
4534 4535 46
1396 1 0
4536 1 0
4538 4539 50
4538 4539 50
4538 4539 50
4538 4539 50
4538 4539 50
4540 4541 27
4536 1 0
4536 64 0
4405 4542 33
1562 3617 34
4543 2135 20
4544 4545 178
4251 1375 69
4546 873 64
2912 56 20
3843 4548 27
4549 4550 69
714 4551 12
2282 4553 28
430 4554 20
4555 132 0
4555 1 0
4555 1 0
4555 132 0
4556 630 27
1502 2067 34
319 1 0
319 9 0
319 64 0
4559 4560 103
4561 4562 78
4269 4562 78
4267 4562 78
4563 9 0
4563 1 0
1388 4564 51
2724 711 2
413 4565 51
3573 4566 69
4567 838 20
198 1272 38
198 4568 38
198 4569 38
198 4570 38
198 4571 38
198 1272 38
198 4569 38
1502 4572 34
2520 768 12
3299 4575 69
1127 4567 12
914 4579 2
376 1582 20
1502 4582 34
4583 2800 20
4585 4586 12
4587 4588 2
4589 3272 49
3718 4590 2
4593 4594 103
243 4595 28
182 4596 45
2985 964 69
4597 4598 119
1149 4599 25
182 3027 48
4600 2466 34
4603 4604 36
1652 3272 49
3507 4605 80
71 4061 25
4606 4607 33
4608 3272 49
4610 3953 20
442 4611 76
4612 311 14
1768 4613 2
92 4614 69
4612 3175 14
4615 1903 2
182 4616 48
4617 1 0
4617 9 0
4617 1 0
4618 1 0
1066 4619 104
1124 1017 14
4618 1 0
4620 4621 61
4622 4623 36
4625 1 0
3118 4626 12
916 773 54
339 4627 15
1065 1 0
1065 9 0
98 4628 4
41 4629 17
4630 4631 28
1306 2689 28
4634 4635 40
4636 4637 112
2900 4631 28
4638 4639 49
1340 4640 101
4428 226 49
4641 668 31
4642 4640 101
47 4643 17
47 4475 17
68 627 12
3304 4644 2
641 4645 25
4646 3162 34
4649 2578 9
4421 206 49
4421 226 49
758 1440 12
341 4654 2
4655 3105 44
4656 2797 137
4559 4657 44
4658 4659 83
2372 2538 8
4660 4661 50
4660 4661 50
4660 4661 50
4660 4661 50
4660 4661 50
2636 1581 12
4662 4663 32
4664 1552 27
4665 1 0
4665 9 0
31 32 13
4666 4667 160
4666 4668 160
2703 3165 41
308 4669 44
4670 4671 87
729 4671 87
4672 1 0
3854 4432 58
3841 4673 76
19 4674 7
19 4674 7
19 4674 7
19 4674 7
19 4674 7
19 4674 7
212 4675 51
182 4676 45
4677 4678 69
4679 386 112
4680 64 0
4681 4682 61
1124 3765 14
4680 9 0
4683 651 28
4684 1877 58
1149 4685 25
4686 386 112
3941 1305 27
19 798 7
19 798 7
19 798 7
19 798 7
19 798 7
19 798 7
19 798 7
19 798 7
19 798 7
19 798 7
19 798 7
19 798 7
19 798 7
19 798 7
19 798 7
19 798 7
19 798 7
19 798 7
19 798 7
19 798 7
19 798 7
19 798 7
19 798 7
19 798 7
19 798 7
490 2466 34
3534 4690 7
668 4691 4
4395 4694 28
4695 2238 12
1551 1305 27
4697 2481 34
4698 737 88
610 4699 75
3288 4700 49
3088 4701 17
4702 4703 26
827 80 27
19 798 7
19 798 7
4705 4706 119
4707 4708 50
641 4709 25
4710 4711 42
71 4712 25
179 4713 12
4714 879 33
182 4715 45
589 4716 28
4717 4718 28
657 4605 80
4719 4720 41
232 2413 38
232 1731 38
232 2413 38
232 4721 38
232 1431 38
232 2413 38
232 1731 38
232 1731 38
4722 339 54
3304 4723 2
3182 1441 20
4724 339 54
4725 4726 68
4727 4728 53
4729 2754 155
639 4730 78
3627 4731 27
4732 24 9
4733 64 0
182 4735 48
625 3300 12
4287 4736 20
763 4737 28
4738 2182 20
4739 2754 153
4740 4741 154
914 4742 2
74 773 54
74 773 54
2579 4743 28
4744 1739 74
4745 4746 27
4747 4748 136
106 4749 25
198 199 38
198 901 38
198 199 38
4752 4753 28
4754 2860 28
669 2831 12
4755 2054 27
1040 4756 41
4757 572 14
4759 9 0
4759 14 0
4760 64 0
4760 14 0
4760 1 0
4759 14 0
4759 9 0
3522 4761 14
3219 4762 20
3770 1539 12
4763 4764 136
160 4765 12
1592 4766 8
4767 3062 12
4759 1 0
628 575 12
3861 1539 69
4772 9 0
4772 64 0
4773 9 0
4773 64 0
4774 3786 34
4775 4776 169
965 513 12
88 4777 15
4778 4779 50
4783 1 0
4783 64 0
1690 621 15
4784 4329 104
4783 64 0
4785 4786 40
4785 4787 40
4785 4788 40
4785 4789 40
786 4790 8
4791 4792 40
4791 4793 40
4791 4794 40
2169 2174 40
2169 2172 40
2169 4795 40
2169 2171 40
4796 64 0
4791 4797 40
4791 4798 40
4791 4799 40
4791 4800 40
4791 4792 40
4791 4801 40
4791 4802 40
4791 4803 40
34 571 58
4804 64 0
4805 4806 64
4804 64 0
4804 1 0
3715 1680 9
657 4807 80
182 4359 45
118 4808 28
3958 4808 28
4809 4810 64
4811 4808 28
4814 4815 50
4814 4815 50
4814 4815 50
4814 4815 50
4814 4815 50
4816 4817 27
4819 4820 12
4821 1 0
3285 4822 20
4823 4824 64
550 4825 44
308 4826 44
3099 4827 12
1948 4828 28
4829 4830 66
4831 4832 70
182 1669 48
3372 2097 69
4834 4835 53
3104 4836 44
987 1615 38
987 1615 38
987 4837 38
4839 4826 44
4840 4826 44
3632 4841 8
4842 4843 50
4842 4843 50
4842 4843 50
4842 4843 50
4844 4845 66
883 4846 62
4848 4849 41
4850 14 0
4850 9 0
4851 4700 49
1375 4852 20
1051 4853 28
1467 4525 38
1467 1731 38
1467 1617 38
1467 236 38
1467 235 38
1467 235 38
1467 1617 38
4854 206 49
4855 1 0
2044 4856 51
4855 64 0
4857 1 0
4857 14 0
4858 4859 40
4858 4860 40
4858 4861 40
4858 4862 40
4858 4863 40
4864 64 0
4864 14 0
4864 9 0
940 4866 8
4867 9 0
4867 14 0
2264 64 0
2264 1 0
232 262 38
232 4868 38
232 4341 38
232 4341 38
232 4571 38
232 4571 38
232 262 38
232 3251 38
232 1613 38
4869 102 31
3357 9 0
3357 64 0
3357 1 0
4870 9 0
1202 3711 28
4871 798 7
4871 798 7
4871 798 7
4871 798 7
4871 798 7
4871 798 7
4871 798 7
4871 798 7
4871 798 7
4872 773 54
4872 773 54
2714 773 54
4875 4876 165
449 1745 38
449 2746 38
449 3251 38
449 1613 38
449 2746 38
449 3251 38
449 3251 38
449 1746 38
449 2747 38
449 1746 38
449 1745 38
449 1745 38
449 1746 38
449 2747 38
4877 3911 64
1621 4878 8
2603 4879 65
4880 4881 50
4880 4881 50
4880 4881 50
4884 4885 103
73 4886 15
4887 3228 160
4887 4888 160
4889 4890 34
4891 813 14
4894 64 0
4894 9 0
4894 14 0
4895 668 31
4896 4897 28
172 4898 27
3415 4899 12
4900 4901 34
4900 2293 34
4903 2878 53
3600 3766 12
251 289 40
3981 9 0
4906 64 0
3861 4908 12
182 4909 48
4911 2769 27
2937 4914 17
4915 1899 14
4003 1845 34
4083 4918 26
1110 4919 17
813 1349 58
4920 3162 34
71 4921 25
4922 4668 160
249 4908 12
4923 1845 34
4915 859 14
4083 4924 26
4925 1072 12
4926 1 0
4927 3442 32
4926 1 0
4928 1 0
4929 9 0
4929 64 0
182 4930 48
182 4930 48
4929 64 0
4929 9 0
4931 64 0
4931 1 0
4932 3854 14
1151 4933 34
391 4934 17
4932 1017 14
4935 122 20
4936 2382 95
1013 2854 58
4937 1156 34
4938 4939 42
4938 4939 42
4938 4939 42
1573 476 38
2608 1829 20
3348 4940 76
649 4942 17
349 4943 2
4944 4945 11
4946 4947 50
3877 4948 165
558 4949 8
102 4950 4
12 4950 4
4951 9 0
4952 3356 27
4951 64 0
4953 46 14
1754 64 0
4954 64 0
4955 4956 26
179 4957 12
1782 4958 12
1888 4959 69
4954 1 0
4954 9 0
4960 9 0
875 3669 20
4964 4965 32
838 789 12
4966 102 31
115 3781 12
886 4967 28
4968 14 0
4968 64 0
49 3371 8
4968 1 0
4968 9 0
4969 4970 75
773 1637 15
4971 4972 64
1151 4447 34
3917 4081 34
1125 4081 34
4096 9 0
4096 1 0
1416 4976 44
3505 2343 12
4979 9 0
4981 1784 34
2103 3669 20
4983 2377 20
449 262 38
449 262 38
449 4984 38
449 259 38
449 262 38
449 4984 38
449 4984 38
449 1271 38
449 1272 38
449 1272 38
449 259 38
578 4985 87
2923 4986 44
3863 3864 50
1229 4987 28
4988 4989 20
4990 3201 54
4991 1 0
347 4992 2
2372 4993 8
2078 4994 37
4995 4994 37
4996 4994 37
4997 4994 37
4998 4994 37
1841 4994 37
3715 4994 37
4999 4994 37
4732 4994 37
5000 4994 37
2372 5001 8
198 5002 38
198 1731 38
198 4462 38
198 5003 38
198 5003 38
198 5002 38
198 5002 38
198 1731 38
1595 5004 33
599 193 74
5005 1212 20
839 5006 66
5007 5008 50
5009 64 0
5010 9 0
5010 1 0
692 166 20
1149 5012 25
641 5013 25
5014 300 91
359 5015 44
1643 5016 26
5017 309 44
5018 2269 134
243 5019 28
5020 5021 44
295 5022 8
657 3833 80
106 5024 25
5025 1 0
2577 5026 37
5025 64 0
5025 9 0
1895 9 0
1895 64 0
5028 4081 34
106 5029 25
2470 2471 61
5030 2462 87
4697 177 34
914 5031 2
415 1 0
5033 433 111
818 80 27
3632 5034 8
2762 5035 20
113 3147 25
3854 5036 58
5037 1 0
182 5038 48
5039 64 0
5039 1 0
3372 5042 69
2832 62 9
5039 64 0
5039 9 0
3835 2315 54
5043 5044 50
5043 5044 50
5043 5044 50
5043 5044 50
182 5045 48
3231 9 0
3507 5046 80
5047 1655 27
5048 881 34
1498 2275 14
3485 5049 62
3210 5050 15
387 5051 51
1054 5052 4
102 5052 4
5053 5052 4
620 4381 15
2591 5054 83
5055 4898 27
5056 9 0
2044 5057 51
5058 64 0
719 5059 15
3669 3324 12
5060 5061 20
729 5062 4
1571 5062 4
706 705 20
3646 2817 112
3852 339 54
5063 1937 133
5063 3926 133
5063 1938 133
5063 2841 133
5063 1940 133
5063 5064 133
5063 1939 133
5063 1936 133
5065 5066 64
5067 10 31
2146 5070 38
940 5072 8
5073 2502 70
5074 1 0
1130 5075 12
2080 874 20
5076 5076 61
4395 1059 28
2865 5077 49
773 3946 15
1637 719 54
2239 5078 44
2505 572 14
5079 9 0
5079 64 0
4656 5080 137
5081 5082 50
5081 5082 50
5081 5082 50
5081 5082 50
102 5083 4
668 5083 4
880 2975 34
3695 5084 78
4512 5084 78
212 5087 51
5088 4667 160
3131 5089 68
880 2503 34
5090 5091 50
4936 5092 26
5093 5094 33
5095 2975 34
5096 4449 20
4574 1084 9
1306 5097 28
5098 5099 26
5100 5101 88
3957 2481 34
4630 2901 28
542 2481 34
641 5104 25
5105 1 0
5105 9 0
5106 3348 158
5107 5108 50
5109 5110 70
19 2435 7
5112 5113 40
527 2749 28
5116 5117 183
2119 997 34
341 2362 2
5118 5119 183
449 900 38
449 900 38
449 900 38
449 760 38
449 4201 38
449 760 38
449 5122 38
449 4201 38
5123 102 31
4049 2334 61
5124 2160 69
5125 5126 184
719 5127 15
5128 483 70
182 3407 48
182 3406 48
2913 1 0
2913 132 0
5129 1145 11
5131 4081 34
5132 2104 12
4697 4081 34
5133 1571 31
5134 5135 70
3201 4872 15
5136 5137 36
5138 9 0
5139 5140 40
5141 339 54
5142 38 14
182 1697 48
182 1697 48
182 1697 48
5143 339 54
355 5144 8
3088 5145 17
2208 5145 17
5146 14 0
1385 729 31
1385 5147 31
5148 1810 34
5138 64 0
5149 64 0
1229 5152 28
5149 64 0
2237 586 12
5146 1 0
5146 14 0
5155 3368 32
683 5156 69
5157 14 0
230 5159 2
115 3051 69
3632 5160 8
5161 5162 185
232 1431 38
232 1431 38
232 5163 38
232 5163 38
232 1431 38
232 1431 38
232 1431 38
232 1431 38
232 5163 38
232 5163 38
232 1732 38
232 1431 38
232 2770 38
232 2770 38
232 2770 38
232 1432 38
232 1432 38
232 1432 38
232 1432 38
232 1432 38
232 1732 38
232 1431 38
232 5163 38
232 5163 38
232 2770 38
232 2770 38
232 1432 38
182 5164 48
27 5165 11
956 1365 80
5166 5167 28
773 1297 15
773 5168 15
251 294 40
5169 1437 49
5170 5171 41
53 5174 19
641 5175 25
5176 64 0
5177 1 0
5177 14 0
232 5178 38
232 2781 38
232 1748 38
232 1748 38
232 5179 38
232 1747 38
232 1747 38
232 5180 38
232 5180 38
232 1747 38
232 1747 38
232 5179 38
232 5180 38
232 5178 38
232 2781 38
5181 64 0
5181 14 0
2226 1 0
2226 64 0
649 5184 17
1199 4901 34
5185 5186 31
5187 14 0
5187 9 0
5187 64 0
5188 5189 81
5190 64 0
5190 9 0
5192 1598 74
1199 5193 34
3457 5194 8
4725 5195 68
5196 1360 81
5197 737 88
182 5198 48
5199 64 0
5199 132 0
295 805 8
700 5201 28
641 5013 25
5202 5203 20
228 397 34
182 3744 48
182 5208 48
5048 3726 34
2497 5210 80
5214 5215 90
2199 5216 12
3118 5217 12
5218 1235 32
5219 5220 118
3294 254 20
5221 671 20
5224 1598 74
2044 5225 51
5226 177 34
1409 5227 8
5228 5229 28
198 470 38
198 5230 38
198 5230 38
198 5231 38
198 5231 38
198 5231 38
198 470 38
198 470 38
198 450 38
420 5232 65
2787 5233 20
1900 663 14
5234 5235 90
2447 5237 68
2820 4838 8
332 5238 27
249 5239 12
5240 1863 20
3781 467 20
5241 5242 50
5243 5244 103
5245 1437 49
2820 5246 8
5247 857 49
5248 2113 27
5249 1 0
3543 5244 103
5250 5251 12
809 5253 28
5254 5255 36
1699 3854 14
5256 4541 27
729 5257 87
5258 534 49
273 5259 4
668 5259 4
4017 4018 40
5260 5261 50
5260 5261 50
5260 5261 50
5260 5261 50
5262 2286 20
5263 5264 12
3716 5265 28
2337 5266 8
273 2443 87
5267 5268 32
5271 693 20
5272 5273 66
1416 5274 44
5275 5276 34
79 630 27
182 5277 45
4011 5278 75
4011 5279 75
5280 5281 14
5282 5283 64
1054 5284 4
5285 5284 4
273 5284 4
5286 5284 4
10 5284 4
731 5284 4
3417 5287 12
5288 5221 12
88 5291 15
182 5292 45
1130 5221 69
5293 5294 20
550 5296 103
2258 5297 69
182 5298 48
5299 5300 26
809 4853 28
3153 378 20
2415 5302 40
2415 2416 40
729 5303 4
3768 1741 64
5304 5305 90
5306 5307 104
182 5308 45
2937 5309 17
3720 3722 8
2900 5310 28
5311 1689 32
1116 5312 12
4811 5313 28
5314 719 54
886 5315 28
5317 5318 26
5319 5320 28
5323 842 64
5324 3905 12
1149 5325 25
1630 5326 12
1311 5327 40
5328 485 69
2989 329 20
1502 1120 34
339 5329 15
5331 5332 28
773 2277 15
4973 3165 41
5333 5334 76
5335 806 49
2620 1634 20
29 5336 69
5337 4386 32
680 5338 11
683 930 69
5339 2503 34
5340 5341 50
5340 5341 50
5340 5341 50
5342 5343 34
3841 5345 76
4593 3623 103
5346 943 27
4946 5347 50
5348 1659 27
3391 5349 76
4725 5350 68
56 4586 12
182 5351 48
5352 501 27
5353 166 20
1212 5354 12
5355 3294 12
1280 2720 12
5356 5357 61
5358 5359 32
4333 2601 28
1888 5362 12
5363 5362 12
3858 5364 28
1853 2735 27
5365 5366 28
4557 5367 12
5368 5369 136
773 5370 15
569 5371 28
5372 2735 27
2618 5253 28
2525 2224 41
4234 5373 32
5374 1986 101
182 4320 48
5375 5376 66
440 3162 34
2429 5060 12
813 5377 113
813 5378 113
3364 613 69
980 2695 153
182 5380 48
2547 1365 80
249 5381 12
4467 1365 80
5382 1252 44
4577 2740 123
3364 5221 12
5383 3420 49
5384 2740 123
5386 1991 20
4762 1128 12
625 2814 12
5387 5388 103
631 246 15
773 5396 15
61 568 9
3838 5404 20
391 5405 17
384 4827 12
5030 5407 87
1833 1054 48
5408 5409 50
5408 5409 50
5408 5409 50
5412 5413 50
5412 5413 50
5412 5413 50
5412 5413 50
5412 5413 50
5414 5415 50
5414 5415 50
5414 5415 50
2547 5416 80
2987 3159 20
3304 5417 52
5418 5419 44
3776 5207 53
2579 5420 28
5423 5424 12
719 978 15
182 1415 48
3355 3401 77
5425 3774 20
5426 5427 69
5428 4072 20
5429 5430 50
5429 5430 50
5429 5430 50
5429 5430 50
2640 5431 50
5432 5433 87
5434 5435 15
3355 2054 77
5437 5438 36
5439 5440 49
5441 5440 49
4102 663 14
5442 3769 64
5443 3379 64
243 4023 28
5444 5445 50
47 5446 17
182 5447 48
2639 5448 11
182 4930 48
5450 5451 17
3397 838 20
3506 3765 14
182 5456 48
661 2422 101
3506 1024 14
3041 5457 28
1690 5458 15
1942 401 41
2152 5459 68
5460 5461 41
1078 4492 101
139 634 9
788 5463 69
2900 1230 28
5464 44 14
133 5465 28
182 473 45
5466 4567 12
5467 5465 28
5468 5469 50
1051 5470 28
500 943 27
2801 5472 87
4670 5472 87
1571 5472 87
5473 5474 34
1736 5475 27
471 850 69
2270 3453 28
3450 5478 17
3853 813 14
874 5479 12
5480 5481 36
5482 837 32
5483 572 14
322 5484 28
5479 5485 20
5488 1928 95
3805 1752 20
2349 881 34
5483 4271 14
3853 311 14
680 5489 11
3037 5490 20
956 5491 80
115 5492 12
2887 5493 28
2499 178 12
5494 3471 27
5495 3566 12
5498 5499 17
3764 562 14
1323 820 28
1362 5500 15
118 2657 28
5501 4810 64
19 4223 7
19 4223 7
19 4223 7
19 4223 7
5502 5503 101
5196 980 101
1340 2422 101
3461 5504 7
2559 5505 72
1340 5506 101
1228 3213 7
4150 5507 145
4150 5507 145
4150 5508 145
1340 5503 101
4871 798 7
19 4690 7
5509 5510 72
661 5511 101
3535 980 101
1340 5512 101
4871 798 7
4871 798 7
4871 798 7
4871 798 7
4871 798 7
4871 798 7
4871 798 7
5513 798 7
5513 798 7
5513 798 7
5513 798 7
5513 798 7
5513 798 7
5513 798 7
5513 798 7
5513 798 7
5513 798 7
5513 798 7
5513 798 7
5513 798 7
5513 798 7
5513 798 7
5513 798 7
5513 798 7
5513 798 7
5513 798 7
5513 798 7
