50
10 11 4
343 344 61
514 515 74
656 656 83
671 672 61
738 739 89
1480 1481 89
1582 1583 126
1622 1623 61
1640 1641 127
1689 1690 89
1787 1788 126
1867 1868 126
1948 1949 140
1958 1959 61
2000 2001 4
2065 2066 89
2189 2190 126
2202 321 144
2414 2415 83
2421 2422 147
2427 2428 61
2429 2430 126
2513 2514 147
2516 2517 149
2583 2584 126
2732 2733 149
2898 2899 144
2927 2928 4
819 2986 4
317 2595 61
272 3002 61
2415 3012 158
1848 3013 61
3071 3072 160
3132 3133 126
3270 838 126
3410 3411 140
3453 3454 61
3490 3491 126
3595 2514 147
3633 3634 140
3810 3811 160
3833 3834 126
3878 3879 127
3888 3889 140
4025 968 126
4055 4056 61
4082 4083 126
4101 4102 126
