270
14 15 6
26 27 11
50 51 19
54 55 20
66 67 11
50 87 19
131 132 35
50 135 19
50 144 19
14 221 6
280 281 52
50 326 19
345 346 20
280 349 52
350 351 20
50 373 19
403 404 63
420 421 11
428 429 20
540 541 75
555 556 35
557 558 78
602 603 11
50 652 19
684 685 85
686 687 75
557 694 78
686 700 75
729 730 88
3 741 6
777 778 75
837 838 93
891 892 63
350 905 20
917 918 102
3 881 6
927 928 103
50 950 19
3 982 6
987 988 20
540 989 75
602 1021 11
50 1062 19
1085 1086 102
54 1097 20
1126 1127 63
280 1108 52
50 1166 19
1181 1182 20
1207 1208 112
50 1210 19
1253 1254 20
1278 1279 113
280 1300 52
3 509 6
1319 1320 20
14 1340 6
280 1367 52
280 1376 52
1377 1364 85
602 57 88
1387 1388 103
3 1434 6
1443 1444 20
50 1364 19
1486 1487 88
14 1509 6
50 1516 19
50 1517 19
14 1527 6
50 1528 19
1530 1531 112
3 234 6
1569 1570 85
50 1591 19
602 1597 11
50 1599 19
3 1509 6
50 1609 19
131 1620 35
686 1648 75
50 1656 19
1684 1685 20
686 1686 75
540 1697 75
280 1716 52
1734 1735 130
729 1740 88
50 1765 19
3 1773 6
14 1774 6
777 1798 75
1799 1800 78
50 1801 19
50 1808 19
1841 1790 113
3 1845 6
280 1007 52
555 1851 35
50 1869 19
1870 1871 35
1872 1873 63
50 1885 19
1318 1904 136
557 1914 78
1920 1921 20
1923 1924 138
1939 1940 139
280 1944 52
14 450 6
3 1993 6
50 1995 19
50 2003 19
540 2009 75
2013 2014 75
2035 2036 11
50 2054 19
350 2057 20
2062 2063 63
2084 2085 130
2105 2106 143
2109 2110 130
2111 2112 11
443 2120 88
2127 2128 11
1684 2131 20
50 2132 19
420 2144 11
2158 2159 113
50 2165 19
280 2173 52
2185 2186 11
686 2195 75
2205 772 35
50 2212 19
2283 2284 11
686 2287 75
513 2293 20
50 2320 19
50 2343 19
938 2367 88
2384 2385 130
14 2424 6
2453 2454 11
2486 2487 148
686 2490 75
2494 2495 11
280 2473 52
2521 2522 20
1318 2557 136
280 2607 52
2609 2610 130
284 2611 11
280 2612 52
2621 2622 11
66 2645 11
917 2650 102
26 2652 11
50 2657 19
3 2658 6
1181 819 20
1278 2661 113
14 2473 6
2671 2672 112
14 2684 6
50 2698 19
686 2748 75
2494 2773 11
2013 2777 75
2796 1391 130
54 2832 20
2854 2855 11
686 2883 75
2887 631 35
50 2897 19
50 2949 19
557 2980 78
2013 1036 75
781 3039 136
50 3046 19
3049 3050 113
3060 3061 112
280 643 52
3091 3092 162
3095 3096 93
675 3100 88
50 3118 19
2013 3125 75
686 3131 75
777 3138 75
3141 3142 163
3167 3168 35
50 3228 19
280 2686 52
50 3249 19
131 3266 35
50 3281 19
686 3293 75
3301 3302 20
14 3367 6
50 3369 19
50 3382 19
50 3407 19
1100 3408 165
50 3414 19
3428 2699 102
280 3429 52
1841 3435 113
131 1195 35
66 3446 11
50 1486 19
50 2022 19
3465 3466 35
131 3492 35
50 3498 19
3 925 6
540 3512 75
2494 3539 11
3554 3555 103
50 3556 19
2494 3557 11
3564 299 103
3565 3566 130
686 3599 75
1870 3605 35
3622 3623 63
131 390 35
50 3648 19
50 3674 19
938 3676 165
350 1254 20
3690 3691 20
193 3692 11
50 3706 19
50 3708 19
1923 3727 138
1318 3735 136
50 3737 19
3800 3801 78
54 3803 20
280 3804 52
1684 3805 20
1100 3820 165
3 1172 6
26 3840 11
686 3867 75
2013 3871 75
443 3872 11
3873 3874 138
1181 3875 20
50 3877 19
50 1432 19
14 3965 6
3970 3971 85
50 1878 19
2523 3989 11
3 3525 6
675 2495 11
403 4019 63
4041 4042 35
1608 4043 165
4048 4049 112
50 2400 19
50 995 19
50 4077 19
555 4089 35
131 4096 35
14 876 6
3 1727 6
4122 4123 11
