304
2 3 1
8 9 3
36 37 13
42 43 16
72 73 24
74 14 25
77 78 24
97 3 1
190 191 44
198 3 46
203 204 24
213 214 49
226 227 13
157 3 25
305 3 1
329 330 56
357 358 3
384 385 24
386 3 1
391 392 24
416 417 24
481 482 70
494 495 3
498 14 25
510 511 73
512 513 70
523 3 1
530 14 25
103 3 1
600 601 24
607 513 70
615 616 24
630 14 25
635 14 1
638 191 44
646 647 82
702 3 46
707 495 3
720 721 86
744 3 1
234 3 1
757 758 90
759 3 1
775 776 3
450 14 25
815 3 1
835 836 24
846 3 1
862 863 95
868 869 97
878 3 25
889 890 98
912 913 73
11 967 104
968 969 105
985 986 3
1003 1004 24
1009 967 104
1015 1016 24
1020 902 108
1031 1032 3
1051 1052 73
1070 1071 73
1074 1075 109
1036 1071 73
1087 1088 44
1089 1090 109
1091 482 70
1093 482 70
1102 482 70
1107 191 44
1110 1111 24
1113 1114 24
1115 1116 16
1119 1114 24
1123 14 25
1144 1088 44
1145 1146 73
1147 428 70
1150 1151 3
1159 428 70
1162 1163 104
1271 1272 44
1280 1281 49
1282 1283 114
1287 1288 24
1289 3 1
1294 1295 24
1304 3 1
1318 890 98
1337 513 70
165 14 25
139 14 1
1445 1446 108
1463 14 25
1473 28 95
1476 1477 24
1484 3 25
1493 1494 122
1511 758 90
866 3 1
1552 3 25
1558 1559 125
1618 1619 3
1645 14 1
1659 890 98
1669 890 98
1671 73 24
1677 1678 49
1698 1699 129
1711 1712 24
1724 1725 109
1422 14 25
1768 14 46
1250 3 1
1807 3 25
1811 3 1
1009 1830 104
1838 1839 3
1849 890 98
1854 1855 135
1878 1879 44
1880 3 46
1897 1898 73
1902 890 98
1946 14 25
1972 1973 104
1975 3 25
1987 1988 104
2039 2040 109
2041 890 98
2077 2078 13
2086 2087 108
2151 1088 44
110 890 98
297 3 25
2209 2210 104
2213 3 46
2221 890 98
2236 890 98
2245 3 1
2280 3 1
2289 1052 108
2298 14 25
2312 3 46
2315 2316 3
819 2351 104
2356 2357 145
2360 392 24
2361 2362 24
2364 890 98
110 2368 125
2374 2375 73
2380 2381 24
2382 2383 3
2388 2389 135
2409 3 1
2416 2417 13
2425 1151 3
2437 2438 114
1135 890 98
2440 1687 135
2039 2443 13
1888 3 25
810 2468 16
2476 14 25
2477 3 25
2489 14 1
2533 2534 24
2540 3 25
2352 3 25
2556 34 95
2558 3 1
2577 1678 49
2591 2592 13
2596 2597 73
2631 2632 3
2638 2639 95
2667 2668 104
2674 2675 24
1635 3 25
2690 890 98
2692 890 98
2725 495 3
2736 2737 44
2739 14 1
2752 2753 24
2762 758 90
2794 2795 108
2797 2798 13
2650 2802 104
2507 3 25
1031 890 98
1831 2853 151
2881 2882 97
2893 2894 24
53 14 25
2913 1839 3
2543 2914 153
2875 14 25
2074 14 46
2137 3 25
2947 2853 151
2952 3 1
600 2958 24
2965 260 108
1791 3010 157
3020 3 1
920 3 25
2612 1281 49
3053 3054 159
3058 3059 105
3066 3 1
3068 3069 56
3081 14 1
3082 3083 24
3115 513 70
3123 3 25
2507 14 46
3161 3162 24
3197 3198 129
391 1288 24
3221 3222 24
3229 3230 73
3237 1088 44
3243 14 25
3246 3247 95
3253 14 25
2699 495 3
3268 2368 125
3296 3297 13
3309 3 1
974 3 25
3374 3 25
2312 14 46
3387 511 108
3392 14 46
3393 1881 135
3403 3404 3
3406 14 1
3422 3423 24
3462 3463 104
3467 3468 166
3494 3495 73
3506 1496 108
1294 3524 24
3538 1088 44
3546 3 25
41 3 1
643 3 1
3577 3578 168
2287 3581 108
2451 3 25
3614 513 70
663 3 1
3616 3617 13
3631 1424 73
3642 1088 44
3644 3645 44
3646 14 46
3650 3651 3
3654 3655 24
3392 3 25
3700 890 98
3701 3702 109
3704 3705 24
3741 1496 73
3746 3747 24
3774 3775 24
3777 227 13
3785 3786 3
737 3 1
3836 3837 114
3850 3851 24
3854 3855 172
3860 14 46
189 3 1
1739 473 95
1911 721 86
3899 3899 82
3909 191 44
3923 3924 135
3943 3944 97
1089 3948 13
3953 3198 104
3977 473 95
986 890 98
1970 14 25
4001 4002 24
1660 14 25
268 3 1
916 4029 16
4030 4031 73
4032 4033 24
4034 2351 104
4035 3944 97
4037 4038 73
4039 4040 3
4046 1004 24
1329 2853 151
4067 3 1
4080 4081 24
4111 4112 24
1348 3 1
