125
24 25 9
94 97 9
100 101 27
475 477 9
565 566 27
566 565 27
1109 1110 9
1116 1117 9
1664 1666 53
1669 1670 9
1691 1692 54
1855 1856 53
2140 2142 57
2227 2228 9
2409 2410 53
2429 2430 58
2672 2673 53
2822 2823 53
2837 2838 58
2868 2869 9
2900 2901 53
3035 3036 9
3156 2401 53
3189 3190 53
3321 3322 53
3480 3481 9
3582 3583 53
3840 3841 53
3862 3863 53
4172 4173 9
4107 4242 53
4375 4377 9
4384 4385 73
4499 4500 53
4587 4588 53
4711 4712 53
4715 4716 53
4739 252 53
4827 4828 53
4981 4984 9
4997 4998 77
5021 5022 53
5156 5158 53
5249 4832 53
5271 5272 53
5327 5328 53
5337 5338 53
5355 5072 27
5374 5375 53
5378 5270 53
5446 4817 53
5458 4981 9
5471 5472 53
5473 5474 53
5519 5520 53
5521 5522 53
5701 5702 53
5946 4817 81
3524 5949 53
3345 6039 53
6050 823 27
805 985 98
805 889 98
881 5039 53
902 880 53
923 6214 27
1015 6223 53
2249 6279 114
2775 6322 53
2775 6323 53
2795 6325 27
6332 2876 118
2690 2876 119
6332 2690 120
3271 6041 98
3400 3395 118
3400 3398 120
6380 3506 127
3615 6388 129
6387 6388 130
3890 6426 133
3890 6428 133
3945 6438 98
6536 4671 118
6537 4671 119
6536 6537 120
4764 6546 53
4864 6554 53
4915 6555 53
6572 4849 144
2116 4849 145
536 4849 146
6572 2116 149
536 6572 150
536 2116 151
5108 6573 114
6574 5121 118
6575 5121 119
6574 6575 120
6611 5517 118
6612 5517 119
6611 6612 120
6616 6615 154
6617 6615 155
6617 6616 156
6634 5939 118
6635 5939 119
6634 6635 120
6063 6640 98
6063 6641 98
6690 6691 98
6795 6794 160
6808 6809 119
6810 6808 120
6847 6845 118
3402 6845 119
6847 3402 120
6894 6895 98
6904 6902 118
6905 6902 119
6904 6905 120
6911 6909 118
6912 6909 119
6911 6912 120
6913 6914 53
