2997
2 3 1
2 6 3
10 11 5
10 12 6
13 6 3
15 18 7
21 22 8
21 23 8
24 26 10
27 28 11
27 29 12
30 27 13
30 6 3
31 36 15
37 38 16
40 41 11
40 42 7
43 44 17
43 29 12
46 48 18
49 50 19
49 51 15
53 6 3
56 58 20
59 60 18
59 61 7
62 63 3
64 65 21
74 6 3
76 77 20
80 81 13
80 82 16
83 84 13
83 85 11
86 22 8
88 6 3
92 6 3
98 6 3
100 102 8
106 107 7
106 108 28
109 110 13
120 121 17
125 127 8
125 128 10
125 129 10
130 6 3
132 134 16
135 28 11
138 6 3
141 142 15
143 144 15
143 121 17
146 148 10
151 153 6
154 155 18
154 156 10
157 6 3
157 50 19
158 161 10
165 168 28
165 102 8
169 153 6
171 172 15
171 173 7
177 6 3
179 6 3
180 181 15
185 187 30
188 102 8
190 191 11
190 192 31
193 195 7
197 199 15
201 203 32
201 204 1
201 205 10
206 207 20
209 6 3
211 213 6
218 219 31
220 221 7
224 6 3
224 225 13
226 181 20
226 58 20
227 230 10
231 233 8
238 63 3
239 6 3
247 249 7
250 251 18
250 252 5
253 257 16
265 266 12
265 267 13
268 257 16
272 274 11
269 257 16
277 278 11
277 279 11
280 281 18
287 288 12
293 296 16
300 288 12
304 296 16
306 296 16
307 288 12
312 102 1
314 6 3
318 288 12
323 288 12
323 296 16
335 6 3
339 296 16
342 296 16
353 6 3
353 301 13
355 296 16
368 288 12
368 6 3
372 296 16
386 387 13
389 296 16
396 296 16
391 288 12
391 6 3
401 288 12
401 296 16
411 412 5
417 424 6
425 6 3
430 432 10
435 436 7
435 102 8
445 446 35
445 447 35
448 449 6
451 452 18
457 6 3
457 144 15
458 459 15
464 465 18
466 467 15
466 102 8
466 148 10
471 472 7
473 121 17
475 478 10
480 481 18
483 484 7
483 121 17
486 490 30
492 449 6
493 494 7
497 498 13
503 504 19
503 102 8
505 181 18
506 507 7
511 512 30
513 514 12
520 521 30
522 524 38
522 102 8
525 192 31
525 527 11
530 531 11
532 527 11
532 533 7
535 536 11
535 121 17
541 545 10
546 41 11
554 556 30
554 102 8
559 562 7
559 563 10
559 564 40
565 6 3
567 121 17
570 571 35
573 6 3
575 576 7
578 556 30
586 587 15
592 594 8
599 600 11
599 601 10
603 604 11
606 6 3
609 610 10
609 611 42
612 6 3
612 613 42
616 617 11
616 121 17
616 564 40
618 604 11
624 102 8
626 6 3
626 627 43
628 6 3
628 630 44
631 102 8
635 637 7
648 181 18
649 650 38
652 653 11
652 654 18
655 656 15
655 524 38
655 657 32
658 659 13
660 6 3
667 22 8
669 527 11
670 671 18
670 673 11
674 675 11
676 677 10
680 41 11
683 685 18
688 689 46
690 671 18
690 691 15
690 692 10
694 60 18
695 696 11
697 219 31
698 699 7
702 703 47
704 705 7
704 692 10
706 710 16
706 711 12
728 729 13
731 711 12
732 710 16
732 711 12
739 6 3
715 6 3
715 711 12
740 729 13
741 710 16
735 729 13
720 711 12
747 710 16
746 710 16
709 729 13
709 710 16
759 760 12
759 761 13
765 760 12
767 6 3
770 760 12
782 6 3
784 6 3
784 41 11
786 6 3
786 788 7
789 6 3
790 6 3
791 432 10
794 6 3
795 6 3
796 797 18
798 801 6
803 804 48
806 6 3
806 807 7
808 809 7
808 810 12
811 812 8
813 815 15
817 102 8
818 819 19
818 121 17
820 6 3
823 653 11
828 63 3
829 63 3
830 831 16
839 6 3
846 847 30
868 869 7
870 871 1
873 874 19
876 6 3
876 22 1
876 819 17
876 877 6
878 879 18
878 847 30
881 882 42
881 424 6
883 617 11
884 871 8
566 885 18
886 887 8
888 879 15
890 891 7
890 892 7
893 879 18
893 871 8
894 895 15
896 897 18
899 879 18
903 904 35
903 788 7
905 907 30
908 909 7
908 910 7
911 6 3
911 879 15
912 653 11
913 6 3
914 148 10
915 63 3
916 153 6
919 920 20
923 924 7
926 927 28
928 41 11
929 6 3
929 871 1
930 931 15
935 936 7
939 653 11
940 6 3
943 6 3
948 920 20
961 962 35
967 968 18
969 970 15
974 975 7
977 978 12
982 983 7
982 121 17
984 148 10
991 992 31
993 121 17
995 996 7
999 1000 7
1002 225 13
1004 459 18
1005 1006 11
1007 1008 11
1007 219 31
225 1014 17
1016 524 38
1018 1019 19
1020 6 3
1027 1028 35
1027 1029 49
1030 44 17
1032 1033 18
1032 121 17
1010 6 3
1010 1038 12
1039 6 3
1040 6 3
1042 6 3
1046 1047 18
1048 1050 30
1051 6 3
1053 1054 13
1053 296 16
1060 6 3
1060 1064 17
1065 6 3
1065 288 12
1069 1054 13
1069 6 3
1057 1054 13
1057 288 12
1057 296 16
1077 6 3
1079 296 16
1059 296 16
1074 288 12
1074 1064 17
344 1054 13
344 288 12
1061 1054 13
1061 63 3
1087 63 3
1062 63 3
1070 1054 13
1070 296 16
773 63 3
1071 296 16
1055 288 12
1055 296 16
1072 288 12
774 296 16
1092 288 12
1092 296 16
1081 288 12
1081 296 16
1067 288 12
1067 296 16
775 296 16
1063 63 3
1093 296 16
1068 296 16
1076 288 12
1091 296 16
1095 703 47
1096 6 3
1096 1097 20
1098 63 3
1099 6 3
1100 1101 7
1106 1108 50
1109 1111 51
1112 604 11
1116 233 8
1118 1119 30
1118 1120 30
1123 1124 15
1123 1125 42
1126 22 8
1130 1131 18
1130 1132 20
1130 1134 6
1135 28 11
1140 63 3
1142 63 3
1143 6 3
1144 36 15
1149 1150 13
1151 6 3
1154 1155 11
1154 153 6
1156 1158 13
1159 1160 11
1162 527 11
1162 102 8
1163 877 6
1165 219 31
1166 6 3
1166 1167 7
1169 22 1
1171 1172 20
1171 1173 20
1177 879 20
1183 1185 52
1186 879 15
1187 1029 49
1187 181 20
1188 6 3
1188 604 11
1194 1195 11
1198 1199 7
1203 659 13
1204 1205 7
1206 1208 38
1209 812 1
1211 653 11
1213 121 17
1214 63 3
1217 871 8
1217 121 17
1218 41 11
1220 6 3
1224 63 3
1225 1226 18
1225 617 11
1225 1227 8
1231 6 3
1232 41 11
1232 1233 28
1235 6 3
1241 1242 16
1241 1243 12
1244 63 3
1244 328 13
1245 6 3
1246 288 12
373 288 12
1262 1250 13
1263 288 12
1263 296 16
1269 29 12
1275 30 13
299 63 3
1284 1292 16
1293 29 12
1295 1296 13
410 288 12
1299 1292 16
1299 1307 12
1317 1318 30
1319 6 3
1331 1332 19
1331 1333 15
552 1337 13
1342 6 3
1349 1350 12
1347 6 3
1352 1353 13
1355 1353 13
1357 1353 13
1361 1353 13
1361 1362 16
1363 1353 13
1364 1350 12
1364 1353 13
1367 1362 16
1367 1350 12
1371 1362 16
1372 1350 12
1375 63 3
1379 1362 16
1381 1350 12
1382 6 3
1348 1385 13
1377 1350 12
1388 6 3
1389 1390 13
1398 1064 17
1401 6 3
1416 6 3
1419 1420 13
1422 1420 13
1391 1425 13
1427 1362 16
1434 1426 13
1435 851 13
1356 1350 12
1380 1385 13
1444 1362 16
1376 1353 13
1449 1425 13
1450 1451 13
1452 1453 13
394 288 12
394 296 16
1459 1460 7
1463 1350 12
1465 63 3
1470 296 16
1474 63 3
1476 1362 16
1479 6 3
1480 1484 16
1488 28 11
1487 1484 16
1493 6 3
1497 6 3
1509 1510 13
1513 63 3
294 288 12
294 296 16
1521 1522 13
1254 63 3
1533 63 3
1537 296 16
1539 1540 13
1542 199 18
1543 63 3
1543 1544 13
1546 63 3
1546 29 12
1550 29 12
1552 6 3
1468 1560 16
1468 29 12
1567 1568 8
397 288 12
1578 288 12
1578 296 16
1582 1583 30
1584 192 31
1596 6 3
1603 1604 6
1603 121 17
320 1250 13
320 288 12
1454 63 3
1524 1522 13
1618 1560 16
1627 1628 13
270 63 3
270 266 12
1629 1630 16
1639 1640 13
1642 288 12
1652 288 12
1654 504 19
1469 1659 13
1662 1560 16
1662 29 12
1664 1665 18
1671 1628 13
1672 1673 18
1674 41 11
1678 879 18
1680 1681 6
1680 121 17
1684 219 31
1687 1688 13
1703 804 48
1704 41 11
1708 1709 15
1713 1714 15
1715 1716 18
1721 797 18
1721 1722 15
1728 50 19
1730 871 1
1733 1734 12
1738 1522 13
1738 1292 16
1740 6 3
1742 1743 18
9 29 12
1505 1745 32
354 288 12
1530 296 16
1751 1752 35
1753 1484 16
1754 1292 16
1482 63 3
1482 28 11
334 288 12
1471 296 16
1760 29 12
1762 1764 18
1765 1307 12
1335 63 3
1335 1767 13
1769 29 12
1771 63 3
1773 1774 5
1778 29 12
1779 22 1
1790 63 3
1790 1560 16
1624 1292 16
1624 1307 12
1291 1292 16
1291 1307 12
1802 63 3
1802 1560 16
1788 1560 16
1807 1522 13
1785 6 3
1809 1292 16
1809 1307 12
104 6 3
1139 103 13
1819 103 13
1820 103 13
1816 103 13
1786 1292 16
1786 1307 12
1823 296 16
359 296 16
1777 296 16
1828 673 11
1606 288 12
1832 296 16
1833 1834 18
1311 63 3
1265 296 16
395 296 16
360 296 16
321 63 3
1843 266 12
1850 1851 13
1853 161 10
1660 1560 16
1660 29 12
1570 1560 16
1861 1862 13
1861 1863 7
1707 1560 16
1864 6 3
34 29 12
35 30 13
1866 6 3
1867 29 12
1270 1560 16
1789 63 3
1869 614 55
283 29 12
1875 1560 16
1874 1560 16
1874 29 12
1668 6 3
1668 29 12
1878 1659 13
285 1659 13
1661 1659 13
1558 6 3
1868 1560 16
45 31 13
1883 29 12
1770 1888 13
1889 1888 13
1891 1560 16
1896 1296 13
1896 6 3
1898 63 3
1898 1560 16
1899 27 13
1549 1900 13
1901 1560 16
1901 29 12
1757 1560 16
1757 29 12
1907 29 12
1906 29 12
1908 29 12
1909 29 12
1808 29 12
1911 1250 13
1914 288 12
1653 1089 13
1653 296 16
1512 341 13
1918 6 3
1918 1089 13
1257 296 16
1257 1064 17
1274 288 12
1936 1937 13
1253 296 16
290 6 3
322 6 3
332 6 3
332 288 12
292 296 16
1298 296 16
317 296 16
1940 296 16
1759 288 12
1759 296 16
1943 288 12
1944 296 16
1538 296 16
1947 296 16
1950 296 16
1951 1952 7
1951 1953 10
1247 63 3
1954 296 16
1957 288 12
1956 6 3
1956 301 13
357 296 16
1963 288 12
1965 296 16
1966 1646 13
1251 288 12
374 296 16
1750 288 12
1279 296 16
1825 6 3
1825 296 16
1964 288 12
1964 296 16
375 1646 13
1960 296 16
1249 6 3
1249 296 16
376 6 3
1837 6 3
1264 6 3
1264 288 12
392 296 16
1977 6 3
1973 1544 13
1836 1544 13
407 1544 13
398 288 12
398 6 3
1455 288 12
1455 296 16
1983 44 17
1984 1985 15
1304 1292 16
1986 1987 13
1986 1988 56
1989 1990 35
1580 288 12
1580 296 16
1994 121 17
1994 161 10
1996 1540 13
2001 2002 18
2001 199 20
1581 301 13
2004 2005 7
1485 2007 13
8 1560 16
8 29 12
1919 63 3
330 63 3
1252 1250 13
2012 1296 13
367 296 16
1531 328 13
2015 288 12
2015 296 16
331 1250 13
331 288 12
331 296 16
1872 1560 16
1872 29 12
1572 1659 13
2017 6 3
2017 41 11
1614 63 3
1614 1307 12
1277 288 12
1277 296 16
2021 2022 16
2023 296 16
1548 1900 13
2028 571 35
2032 527 11
2032 102 8
2032 2033 6
2036 63 3
2037 41 11
2038 2039 8
2040 6 3
2040 2041 16
2042 2043 13
2042 2044 15
2045 252 5
2046 2047 13
2046 2049 7
2052 2053 18
2052 2054 16
2058 2059 5
2058 2060 15
2061 6 3
2066 2067 20
2068 130 13
2072 63 3
2073 6 3
2076 50 19
2076 2077 13
2081 2077 13
2090 2093 35
2096 2097 5
2100 2103 15
2105 2106 7
2107 2108 7
2109 2110 16
2111 2112 11
2117 2118 8
2119 2121 10
2119 524 38
2122 594 8
2123 22 8
585 2124 13
2126 788 7
2127 2128 11
2129 536 11
2131 2132 42
2133 2134 17
2135 6 3
2135 600 11
2136 6 3
2139 6 3
2139 604 11
2140 2141 52
2125 6 3
2144 2145 15
2146 653 11
2158 2110 16
2171 2172 30
2171 2173 8
2174 2175 16
2177 2178 11
2180 63 3
2181 2182 13
2189 22 8
2200 181 20
2200 58 20
2202 22 8
2208 63 3
2208 2209 13
2218 1484 16
2220 44 17
2222 1484 16
2226 2050 5
2227 102 8
2232 6 3
2235 2236 19
2235 102 8
2237 604 11
2238 6 3
2238 879 15
2239 63 3
2242 1774 5
2243 2244 11
2248 63 3
2168 2251 13
2252 1337 13
2252 604 11
2254 6 3
2201 2255 5
2260 2261 6
2266 1243 12
2271 28 11
2274 6 3
2187 604 11
308 288 12
308 296 16
2193 2182 13
2287 527 11
2287 22 8
2291 2292 7
2291 2293 35
2294 871 8
2295 2297 42
2295 879 15
2299 653 11
2301 6 3
2312 6 3
1486 1484 16
2325 6 3
2329 2169 5
2329 604 11
2330 696 11
2331 1484 16
2332 2333 15
2334 2335 18
2338 2339 13
2338 2340 12
2341 2342 15
2343 2347 11
2350 604 11
2351 604 11
2359 6 3
2354 1851 13
2362 1851 13
2363 6 3
2366 6 3
1117 274 11
2371 604 11
2372 600 11
2372 2373 7
2376 6 3
2377 871 1
2377 2379 38
2380 2381 7
2384 2386 7
2387 58 20
2389 2391 31
2392 604 11
2397 2398 7
2210 6 3
605 6 3
605 2401 13
2402 155 18
2402 2403 7
2407 6 3
2422 6 3
2422 44 17
2423 604 11
2425 2426 7
2425 65 21
2425 1233 28
2234 2251 13
2188 604 11
2427 527 11
2429 199 18
2433 2251 13
2434 1242 16
1191 1243 12
1190 1243 12
2447 6 3
2449 2450 13
2074 1242 16
2451 6 3
2453 6 3
2454 2450 13
2455 1242 16
2441 1242 16
2457 6 3
2457 1242 16
2457 1243 12
2458 659 13
2459 659 13
2468 2469 13
2468 1243 12
2464 6 3
2267 6 3
2472 6 3
2467 1243 12
2474 6 3
2476 1243 12
2478 2469 13
2480 1243 12
2470 1243 12
2466 1242 16
2466 1243 12
2488 2403 7
1857 604 11
2491 2492 59
2494 22 8
2494 23 8
2497 6 3
2497 604 11
2498 2499 11
2500 296 16
2507 710 16
2509 711 12
743 6 3
2165 63 3
2165 604 11
2513 2515 7
2516 604 11
2394 2182 13
2517 2391 31
2519 1043 13
2523 2524 13
2530 6 3
2534 604 11
2535 887 8
2537 2524 13
2539 2524 13
2532 6 3
2544 2545 16
2544 121 17
2549 2550 18
2551 571 35
2552 1195 11
2553 2391 31
2556 2557 5
2561 6 3
2561 2563 1
2572 2565 11
2575 41 11
2576 1155 11
2578 1047 15
2578 2580 42
2581 879 18
2582 2583 11
2585 102 8
2587 2588 19
2591 2592 60
2593 2594 11
2593 2595 11
2596 2597 42
2599 563 10
2603 2604 7
2606 2607 13
2609 2610 7
2615 2616 20
2617 63 3
2617 2618 42
2619 1047 18
2620 2622 35
2623 41 11
2625 556 30
2625 22 8
2625 23 8
2625 2626 8
2627 2628 16
2629 6 3
2630 6 3
2630 2583 11
2635 2636 18
2637 102 8
2637 920 20
2640 871 8
2640 102 8
2640 127 8
2640 2642 8
2644 2645 16
2647 6 3
2648 2649 6
2650 41 11
2651 2652 15
2655 102 1
2656 102 8
2656 121 17
2657 2658 18
2657 2659 38
2661 41 11
2661 2649 6
2661 102 8
2661 22 8
2662 2663 12
2664 2665 19
2664 2666 6
2667 2668 10
2667 2669 10
2667 2670 10
2675 2676 13
2684 2685 47
2686 2687 47
2688 2689 11
2690 696 11
2692 2693 12
2694 604 11
2695 2696 38
2695 2697 6
2698 2699 5
2701 6 3
2702 2703 52
2704 2705 42
2704 2706 20
2712 2141 52
2713 2714 19
2713 2715 6
2717 102 8
2717 2697 6
2718 2719 18
2721 2722 38
2721 121 17
2726 2727 11
2728 2729 51
2730 251 18
2732 6 3
2735 41 11
2735 2736 8
1571 28 11
2737 6 3
2738 1008 11
2741 50 19
2741 524 38
2751 63 3
2751 424 6
2753 653 11
2753 2754 11
2753 2755 7
2756 144 20
2756 102 8
2758 2759 38
2758 2760 38
2758 2761 38
2762 41 11
2762 2764 31
2765 102 8
2766 2767 18
2768 2769 7
2771 2773 11
2775 102 8
2778 2764 31
2781 2785 30
2781 2786 7
2781 2787 62
2788 6 3
2790 6 3
2791 527 11
2791 2134 17
2795 63 3
2795 2796 18
2797 2798 7
2802 6 3
2802 229 15
2802 2803 52
2805 2806 16
2809 121 17
2811 6 3
2813 2814 7
553 6 3
2820 1337 13
2821 63 3
2824 2825 20
2826 600 11
2828 920 18
2830 6 3
2831 653 11
2831 205 10
2832 2833 20
2832 77 20
2834 2835 11
2837 2839 63
2846 887 8
2847 2848 18
2853 2764 31
2862 6 3
2864 920 18
2864 2565 11
2868 229 20
2868 1131 20
2871 2872 13
2875 1131 18
2876 77 15
2876 121 17
2876 524 38
2841 6 3
2880 2881 11
2882 102 8
2883 871 8
2886 153 6
2888 2890 7
2893 2894 15
2898 6 3
2899 22 1
2902 594 8
2902 77 20
2907 2908 13
2907 2909 10
2907 2910 10
2908 6 3
2908 2911 42
2908 2912 7
2914 2915 35
2917 2918 11
2917 2919 8
2920 871 8
2920 2921 51
2922 6 3
2922 2923 35
2925 2926 11
2925 2927 12
2930 148 10
2933 653 11
2935 2936 15
2939 6 3
2941 2926 11
2942 2926 11
2944 2927 12
2946 2342 18
2949 2927 12
2950 1752 35
2952 6 3
2953 2926 11
2957 102 8
2959 102 1
2959 2697 6
2954 2926 11
2962 2963 51
2964 2965 51
2966 2912 7
2969 1132 18
2969 2970 20
2969 2971 10
2972 233 8
2978 233 8
2981 2982 15
2981 2696 38
2981 2983 6
2984 274 11
2986 2987 10
2991 2992 8
2993 2994 13
2993 102 8
2995 2996 15
2997 1160 11
2999 3001 7
2999 871 8
3004 527 11
3004 3005 42
3006 6 3
3006 2333 18
3009 6 3
3009 653 11
3011 6 3
3012 2067 18
3015 63 3
3017 3018 11
3020 3022 12
3023 6 3
3023 2565 11
3023 2946 13
3024 2833 20
3025 604 11
3029 155 18
3029 3030 15
3031 181 20
3031 58 20
3032 3034 7
3035 2565 11
3037 3038 35
3044 3045 15
3046 594 8
3047 102 8
3048 3049 5
3050 58 20
3051 63 3
3052 3053 18
3060 3061 35
3065 3066 5
3074 3076 28
3077 6 3
3079 3080 11
3082 2769 7
3085 6 3
3089 6 3
3089 181 20
3090 3091 13
3093 2067 20
3094 2872 13
3097 3098 13
3097 3099 11
3102 3030 15
3103 3104 18
3103 199 15
3105 3106 42
3105 3107 15
3108 617 11
3108 102 8
3110 3111 18
3110 121 17
3112 12 6
3113 6 3
3115 3116 30
3115 102 8
3122 3123 7
3124 63 3
3124 904 35
3129 436 7
3132 6 3
3137 6 3
3138 219 31
3140 3141 11
3150 3151 7
3152 102 8
3152 3153 8
3154 274 11
3160 12 6
3160 153 6
3162 22 8
3162 524 38
3162 153 6
3162 3163 28
2887 12 6
2887 3165 11
3166 3167 20
3168 3169 51
3168 3170 51
3173 871 8
3173 153 6
3174 3175 7
3174 879 20
3178 102 8
3178 3180 15
3182 6 3
3191 3192 15
3193 3194 8
3193 148 10
3193 3195 20
3196 3197 7
3198 3199 20
3200 527 11
3204 3205 7
3207 3208 11
3209 3210 44
3209 2408 44
3211 3213 35
3217 3218 18
3217 3219 8
3217 2912 7
3221 3222 18
3223 102 8
3226 3227 8
3228 879 15
3229 6 3
3229 41 11
3229 148 10
3230 3231 5
3236 2236 19
3236 2108 7
3239 3240 42
3242 3243 42
3246 3247 64
3250 3251 44
3252 3253 28
3254 1233 28
3255 121 17
3261 3262 19
3267 3268 10
3269 871 1
3271 3272 7
3274 3275 16
3276 3277 11
3276 3278 42
3281 3282 16
3284 2515 7
3286 3287 44
3286 696 11
3288 653 11
3289 594 8
3289 594 1
3291 6 3
3294 3295 7
3294 102 8
3298 524 38
3299 58 18
3299 22 8
3304 3305 18
3306 3307 8
3309 3310 15
3313 144 15
3313 121 17
3315 6 3
3316 6 3
3319 3320 18
3326 3328 15
3329 3330 38
3329 3253 28
3331 3332 32
3331 2769 7
3334 121 17
3334 3336 50
3337 449 6
3339 6 3
3340 495 13
3340 1242 16
3341 920 18
3349 6 3
3349 3350 15
3351 3352 12
3353 3354 7
3353 424 6
3355 871 8
3355 3350 20
3356 936 7
3357 788 7
3357 2715 6
3358 3359 11
3360 673 11
3360 788 7
3361 3362 10
3361 3363 19
3364 1233 28
3366 6 3
3367 3368 15
3370 3371 7
3370 121 17
3372 3373 18
3372 871 1
3375 3376 7
3377 3378 18
3389 920 20
3389 424 6
3391 3153 1
3394 6 3
3394 879 18
3396 6 3
3396 3397 11
3398 6 3
3399 2825 20
3400 6 3
3400 920 20
3401 41 11
3402 920 20
3402 424 6
245 3411 12
245 871 8
3412 527 11
3412 3414 28
3412 3415 6
3418 3419 1
3421 3422 12
3421 102 8
3423 6 3
3424 63 3
3427 6 3
3428 6 3
3429 3430 10
3429 3431 10
3433 3434 7
3438 871 8
3438 3439 52
3440 3441 7
131 3442 7
3445 6 3
3445 879 15
3445 3446 35
3447 203 19
3447 920 15
3449 653 11
3454 6 3
3456 871 1
3456 879 20
3457 6 3
3464 3034 7
3470 3471 18
3470 3472 11
3473 12 6
3474 3475 5
3474 121 17
3476 102 8
3477 3478 7
3477 1029 49
3479 6 3
3480 3482 18
3483 3484 30
3485 3486 5
3489 63 3
3490 3491 15
3492 3493 7
3496 3497 13
3501 3502 16
3503 3504 42
3506 3507 42
3513 2806 16
3513 3514 7
3516 2669 10
3521 6 3
3522 229 15
3527 996 7
3528 3350 18
3528 3529 62
3532 3533 42
3532 2787 62
3534 2642 8
3537 6 3
3538 3539 19
3541 877 6
3232 882 42
3232 3545 11
3560 6 3
3560 3561 28
3562 63 3
3566 22 8
3569 148 10
3571 3572 6
3571 536 11
3574 2118 8
3574 3575 65
3576 3577 18
3578 696 11
3580 6 3
3580 3581 50
3586 2134 17
3587 6 3
3589 22 8
3589 804 48
3592 3593 56
3598 3599 8
3600 3601 7
3602 63 3
3602 461 18
3604 3605 15
3608 3609 19
3608 907 30
3616 3617 11
3618 3619 19
3625 274 11
3627 251 18
3631 2848 18
3638 6 3
3638 148 10
3640 63 3
3641 527 11
3641 102 8
3643 6 3
3643 199 15
3645 3646 66
3647 871 8
3652 229 18
3654 3655 12
3658 3659 11
3663 3195 18
3668 3669 7
3668 2588 19
3670 3671 7
3678 3679 13
3684 3685 15
3688 233 1
3688 121 17
3688 556 30
1774 63 3
3689 121 17
3689 148 10
3691 1014 17
3692 879 15
3692 3694 7
3692 153 6
3697 6 3
3697 3699 42
3700 3701 7
3700 153 6
3703 2306 13
3704 3705 11
3707 3539 19
3711 6 3
3711 527 11
3712 63 3
3712 23 8
3712 204 8
3712 3713 51
3714 613 42
3714 2588 32
2432 6 3
3718 6 3
3719 600 11
3719 274 11
3720 219 31
3722 3723 30
3724 653 11
3726 3727 7
3728 2112 11
3728 3729 7
3730 2550 18
3736 102 8
3737 920 15
3739 3740 59
3741 3742 6
3743 3106 42
3745 6 3
3747 2760 38
3749 3750 7
3751 6 3
3752 3753 11
3754 102 8
3756 3757 13
3756 653 11
3764 3765 18
3764 3766 28
3767 63 3
3768 6 3
3771 3772 15
3773 3774 10
3778 1350 12
3780 6 3
3781 6 3
3782 1107 20
3783 6 3
3784 2687 47
3785 6 3
3786 3787 18
3789 3791 7
3792 6 3
3793 6 3
3794 3106 42
783 3796 18
3799 3800 15
3799 782 13
3801 195 7
2799 3808 15
3810 121 17
3810 22 8
3810 564 40
3813 3814 18
3815 6 3
3811 564 40
3816 1195 11
3819 6 3
3821 102 8
3822 148 10
3823 2926 11
3824 3825 7
3829 3831 6
1946 288 12
1946 296 16
3834 3835 51
3836 41 11
3838 3839 67
3848 879 20
2070 3850 16
3851 3852 12
3853 2408 44
3853 3854 42
3855 3856 15
3858 895 18
3859 3860 11
3859 3861 16
3864 1233 28
3870 871 8
3873 3874 15
3873 3875 19
3877 6 3
3878 3879 15
3878 920 20
3880 3881 8
3882 1047 20
3882 233 1
3883 527 11
3884 2687 47
3885 3886 5
3885 879 15
3887 3888 68
3891 121 17
3835 6 3
3835 871 8
3892 3893 35
3894 1160 11
3897 3898 7
3899 6 3
3899 2244 11
3901 879 15
3901 3902 13
3903 3904 18
3905 3906 16
3907 3908 11
3907 219 31
3909 6 3
3910 3911 15
3914 1047 15
3915 3581 50
3917 3918 69
3917 3919 30
3920 3921 30
3920 675 70
3920 804 48
3922 3924 7
3922 3925 50
3922 3926 12
3931 6 3
3932 3933 15
3932 3934 38
3932 2108 7
3936 6 3
3936 657 32
3937 3938 15
3939 653 11
3939 871 1
3940 879 20
3941 22 8
3941 161 10
3949 6 3
3951 3952 15
3953 102 8
3953 3954 18
3953 920 20
3955 920 20
3956 524 38
3957 3958 7
3959 3960 31
3961 2293 35
3963 2347 11
3973 6 3
3973 229 15
3974 2926 11
3976 102 8
3976 920 20
3977 3978 35
3980 3106 42
3982 871 8
3986 6 3
3988 3989 15
3993 3994 7
3997 203 19
3998 2108 7
4002 4003 51
4004 587 18
4005 4007 31
4005 4008 47
4010 6 3
4011 601 10
4012 4013 13
4014 4016 20
4014 4017 12
4018 4019 18
4020 4021 15
4027 4028 18
4031 613 42
4032 4033 18
4036 2401 13
4038 6 3
4039 653 11
4040 4041 7
4042 4043 18
4044 6 3
4047 66 13
4047 3320 11
3383 6 3
4049 6 3
4050 920 20
4052 527 11
4053 6 3
4053 703 47
4055 478 10
4055 233 8
4055 4056 52
4057 812 8
4057 887 8
4058 2067 20
4059 601 10
4062 1107 20
4064 199 15
4064 524 38
4066 192 31
4067 4069 20
4071 192 31
3125 1050 30
3125 121 17
4073 6 3
4074 4075 18
4074 920 20
4074 1108 50
4076 4077 11
4079 192 31
4080 6 3
4081 6 3
4082 41 11
4085 2689 11
4086 4088 15
4089 2563 8
4089 2563 1
4090 527 11
4094 4095 20
4096 6 3
421 4097 18
4100 601 10
4100 4101 7
4103 3441 7
4104 6 3
4106 4107 13
4108 4110 38
4111 4112 38
4113 600 11
4115 6 3
4120 1952 7
4121 2687 47
4122 2786 7
4127 4128 13
4130 4131 11
4134 675 11
4136 181 20
4137 804 48
4140 879 18
4140 4141 13
4142 23 8
4144 4145 13
4146 2293 35
4146 41 11
4148 4149 7
4150 2936 15
4157 4158 10
4161 63 3
4162 1318 30
4163 4164 19
4165 4166 7
4167 4168 42
4171 233 8
4171 2134 17
4172 4056 52
4174 4056 52
4180 4181 7
4186 4187 18
4188 2292 7
4188 4189 38
4190 199 15
4191 613 42
4199 527 11
4200 2987 10
4206 6 3
4207 4208 11
4213 4214 7
4221 4222 11
4223 653 11
4223 127 8
4228 274 11
4229 571 35
4229 3694 7
4232 2297 42
4233 4234 42
4237 102 8
4237 3153 8
4238 887 8
4239 871 1
4247 6 3
4247 4248 13
4250 671 15
4253 600 11
4256 4257 7
4256 4258 6
4259 2833 20
4260 2786 7
4261 4262 7
4263 2293 35
4264 4265 31
4266 4267 11
4266 2293 35
4266 4268 42
4269 604 11
4270 102 8
4273 4269 13
4275 3860 11
4276 685 15
4277 44 17
4279 121 17
4283 6 3
4283 1990 35
4290 4291 6
4292 920 18
4295 4296 72
4295 4297 16
4299 3831 6
4299 4300 62
4301 4302 18
4303 4304 16
4303 4305 11
4306 63 3
4307 4308 7
4309 6 3
4310 4311 13
4310 2408 44
4312 4313 7
4315 121 17
4315 4316 10
4317 2687 47
4318 6 3
4318 871 1
4318 121 17
4319 4320 6
4321 199 18
4325 4326 5
4327 2112 11
4327 996 7
4329 77 15
4330 153 6
4332 4320 6
4332 4333 43
4336 703 47
4337 1362 16
4338 675 11
4339 3860 11
4340 2616 20
4340 181 20
4341 274 11
4341 4342 19
4343 6 3
4345 6 3
4346 121 17
4347 4320 6
4352 4353 18
4356 4357 7
4359 4361 38
4365 4366 42
4365 4368 28
4369 4372 42
4373 6 3
4375 1658 15
4378 4379 20
4378 2833 20
4380 2391 31
4381 6 3
4386 1050 30
4388 41 11
4390 2685 47
4383 4391 74
4145 4392 11
4393 6 3
4394 871 8
4397 4398 19
4397 23 8
4399 2687 47
4400 4403 13
4404 219 31
4405 4320 6
4409 6 3
4410 4411 13
4412 617 11
4419 4420 12
4423 4424 75
4425 3740 59
4426 6 3
4427 4428 5
4433 675 11
4433 1158 13
4434 4435 51
4439 41 11
4441 63 3
4442 4443 7
4445 3671 7
4446 2881 15
4449 4258 6
4450 2293 35
4454 3307 8
4455 6 3
4455 4456 19
4460 4461 15
4463 4464 18
4465 203 19
4468 654 18
4473 879 20
4473 2642 8
4475 6 3
4481 4483 7
4484 653 11
4487 4017 12
4490 4491 18
4490 4492 76
4493 920 18
4494 4495 16
4494 4496 7
4497 4498 11
4499 3247 11
4501 41 11
4504 4505 7
4506 4507 11
4506 4508 10
4509 4510 20
4511 879 18
4512 4513 11
4517 703 47
4518 4519 42
4522 4523 7
4524 6 3
4525 233 1
4525 233 8
4526 3253 28
4527 4528 18
4527 4530 12
4531 6 3
4532 102 8
4532 920 20
4536 796 13
4541 4505 7
4542 3199 15
4543 3080 11
4544 594 8
4545 4546 1
4547 50 19
4549 6 3
4552 524 38
4554 4555 52
4554 4556 52
4557 22 8
4562 181 18
4563 2926 11
4564 2597 42
4569 219 31
4570 4571 13
4574 4575 18
4574 4576 11
4577 703 47
4578 2044 18
4578 12 6
4579 6 3
4583 153 6
4585 4586 18
4587 2057 13
4598 3831 6
4600 229 15
4601 696 11
4603 1047 20
4605 199 18
4607 274 11
4607 161 10
4608 22 8
4610 4611 7
4610 233 8
4621 4622 20
4621 251 20
4623 41 11
4623 3514 7
4623 4624 10
4631 4632 38
4637 274 11
4642 4644 13
4648 102 8
4648 920 20
4652 527 11
4653 4655 7
4656 4657 13
4656 12 6
4656 4658 76
4659 4660 15
4662 6 3
4663 4664 18
4665 6 3
4665 1047 15
4671 6 3
4672 4675 15
67 4677 16
67 653 11
4678 4679 7
4678 233 8
4681 233 8
4681 2786 7
4682 4683 13
4684 6 3
4684 4685 7
4686 219 31
4688 6 3
4690 1990 35
4695 4696 7
4705 887 8
4706 871 8
4708 527 11
4704 6 3
4704 653 11
4711 6 3
4713 4714 11
4715 653 11
4717 847 30
4717 121 17
4720 653 11
4723 22 8
4723 4724 49
4725 6 3
4726 6 3
4727 63 3
4727 4168 42
4728 6 3
4694 804 48
4735 22 8
4737 4738 13
4737 2926 11
4743 527 11
4744 6 3
4745 6 3
4746 4747 15
4754 4755 42
4756 6 3
4757 685 18
4757 685 15
2872 4760 7
4761 920 15
4761 102 8
4762 102 8
4764 653 11
4765 696 11
4768 2594 11
4768 2787 62
4771 6 3
4771 1233 28
4772 6 3
4773 4774 18
4773 4774 11
4775 4077 11
4775 3307 8
4776 4777 13
4776 4778 5
4779 4780 7
4782 6 3
4784 4785 11
4784 4786 20
4787 199 15
4787 3581 50
4790 653 11
4791 4792 5
4791 2041 16
4796 6 3
4783 4782 13
4783 6 3
4783 4797 7
4798 4069 20
4798 3599 8
4800 1583 30
4801 274 11
4802 6 3
4802 4803 12
4802 2786 7
4804 63 3
4805 3514 7
4807 4808 7
4809 4810 44
4811 4812 7
4813 3307 8
4815 4342 19
4815 871 1
4816 4818 11
4819 571 35
4821 920 20
4823 524 38
4824 4826 18
4824 2347 11
4829 4830 5
4832 4833 6
4832 4780 7
4832 2787 62
4834 4835 16
4834 121 17
4836 2110 16
4837 4838 44
3902 6 3
4842 4843 6
4848 63 3
4850 4852 7
4853 653 20
4860 1047 15
4861 4862 11
4865 4867 6
4865 3572 6
4877 4878 15
4881 3222 18
4883 4069 20
4884 102 8
4884 12 6
4890 63 3
4893 4894 11
4895 4896 19
4614 4898 5
4903 6 3
4903 4904 15
4906 4907 7
4913 102 8
4915 4916 5
4918 4919 30
4920 613 42
4920 2293 35
4920 449 6
4736 4921 42
4736 3572 6
4736 127 8
4924 6 3
4703 4925 12
4794 3373 18
4794 251 15
4927 6 3
4929 63 3
4930 22 8
4930 804 48
4931 3599 8
4934 4656 5
4934 2054 16
4935 63 3
4938 41 11
4939 6 3
4941 4942 13
4943 4935 5
4936 6 3
4947 4942 13
4940 4935 5
4959 153 6
4961 1124 15
4962 4963 7
4965 6 3
4967 6 3
4968 3295 7
4969 2583 11
4969 12 6
4972 4973 42
4975 6 3
4976 879 15
4977 148 10
4980 788 7
4980 148 10
4981 274 11
4981 4983 7
4986 4988 7
4986 556 30
4989 4990 18
4992 121 17
4994 6 3
4996 6 3
4996 804 48
4999 5000 11
5002 4778 5
5002 3034 7
5002 5003 7
5004 5005 13
5006 527 11
5006 5007 76
5008 4357 7
5008 102 8
5009 6 3
5009 879 18
5012 6 3
5012 5015 20
5021 6 3
5024 5025 5
5024 2936 18
5026 274 11
5026 2347 11
5027 5028 7
5029 153 6
5031 673 11
5033 2141 52
5033 148 10
5034 996 7
5034 2796 20
5034 4838 44
5036 274 11
5038 5039 13
5038 881 5
5040 879 15
5043 102 8
5044 2769 7
5045 2173 8
5046 4921 42
5046 536 11
5047 5048 13
5053 5054 18
5053 5055 28
5057 6 3
3886 5062 5
5063 3609 19
5063 4320 6
5063 2669 10
5067 653 11
5067 5068 7
5069 5070 7
5071 6 3
5071 1047 18
5072 5073 15
5072 5074 7
5072 22 8
5075 5076 35
5075 233 1
5077 41 11
5078 121 17
5079 5080 7
5081 2044 15
5081 1155 11
5082 5083 7
5082 121 17
5084 5085 15
5087 6 3
5088 871 8
5088 871 1
5089 6 3
5089 4443 7
5090 6 3
5093 5094 11
5099 2583 11
5099 3419 8
4849 2546 13
4849 527 11
5102 6 3
5106 5107 12
5108 524 38
5110 5111 7
5110 879 20
5112 6 3
5119 920 15
5121 102 8
5121 121 17
5124 6 3
5125 23 8
5126 6 3
5126 3908 11
5135 2112 11
5135 121 17
5136 204 8
5137 920 15
5138 6 3
5139 879 15
5139 675 11
5142 571 35
5143 6 3
5144 6 3
5147 6 3
5148 5149 78
5150 4651 5
5153 2912 7
5155 6 3
5155 1134 6
5156 5157 5
5159 6 3
5160 12 6
5162 5163 18
5166 871 1
5166 879 20
5167 5168 7
5167 1047 20
5169 5170 18
5171 22 8
5173 1745 32
5174 63 3
5179 5180 38
5179 1233 28
5183 3414 28
5184 102 8
5186 6 3
5186 5187 18
5186 5188 7
4958 5189 16
4958 121 17
5190 153 6
5191 41 11
5195 5196 13
5198 6 3
5198 41 11
5200 22 8
5202 675 11
5203 5206 28
5207 22 8
4830 5211 15
5212 26 10
5213 2563 8
5215 5211 18
5215 229 15
5216 6 3
5216 654 15
5218 6 3
5218 22 8
5219 5220 42
5219 5221 15
5223 4016 15
5223 2499 11
5224 5225 18
5196 871 8
5237 3354 7
5239 148 10
5241 5242 10
5243 1124 18
5245 121 17
5245 2787 62
5247 6 3
5252 2689 11
5252 1014 17
5255 121 17
5257 233 8
5258 5259 79
5260 204 8
5265 6 3
5265 4258 6
5266 6 3
5266 5267 52
5269 5270 5
5271 121 17
5273 41 11
5274 63 3
5275 5276 13
5280 653 11
5283 871 8
5284 2583 11
5285 2049 7
5286 63 3
5291 3253 28
5292 5295 52
5296 4868 5
5297 5298 18
2047 5299 5
2047 5301 15
2485 5302 13
5303 3881 8
5303 5304 20
5306 5307 18
5310 5311 35
5310 2833 20
5310 153 6
4781 5189 16
5317 527 11
5322 5324 7
4738 4736 13
5325 6 3
4673 887 8
727 729 13
727 710 16
5330 63 3
5333 2588 19
5334 5336 10
5337 5339 18
5337 4041 7
5340 5342 69
5346 3208 11
5348 6 3
5348 199 18
5350 5339 15
5350 2825 20
5351 3330 38
5353 4904 15
5357 2044 15
5357 22 8
5358 6 3
5359 6 3
5362 2806 16
5364 2118 8
5365 5366 18
5367 4398 19
5367 524 38
5368 3472 11
5374 63 3
5377 1014 17
5378 142 18
4646 2110 16
4646 5379 7
5382 5383 5
5384 6 3
5385 63 3
5386 6 3
5389 871 8
5391 2244 11
5395 653 11
5399 5400 11
5399 5401 11
5403 5404 30
5403 161 10
5405 41 11
5411 5412 18
5411 3925 50
5414 5415 15
5414 2583 11
1670 199 18
5417 6 3
5417 3796 15
5418 5419 7
5421 5422 7
5423 3376 7
5424 5426 20
5427 5428 11
5427 5429 11
5427 2669 10
5431 44 17
5435 887 8
5437 22 8
5441 41 11
5444 920 15
5446 3549 13
5448 5449 7
5448 4925 12
5450 6 3
5450 233 8
5454 4655 7
5459 5460 15
5459 5461 11
5463 3106 42
5466 3989 18
5467 58 20
5468 5469 18
5470 6 3
5479 4921 42
4597 63 3
5486 6 3
5486 675 11
5488 233 8
5490 6 3
5490 5491 15
5497 6 3
5497 41 11
5498 181 18
5504 6 3
5504 5505 7
5506 5507 13
5510 5512 16
5513 4697 13
5517 5518 5
5523 5524 7
5525 5526 5
5528 5529 19
5528 121 17
5532 4797 7
5533 63 3
5535 1160 11
5536 5538 76
5539 22 8
5539 5540 42
5541 5542 12
5543 219 31
5546 5547 42
5548 6 3
4588 5552 42
5553 102 8
5554 6 3
5556 5558 51
5561 5563 12
5561 879 20
5564 5565 13
5566 5567 15
5570 879 20
5573 5574 42
5580 5275 13
2313 5584 13
5586 6 3
2529 760 12
5588 5589 15
5590 1243 12
5593 5594 13
1916 63 3
5604 63 3
5604 1540 13
5605 5606 16
5605 288 12
5608 600 11
1766 1292 16
1998 1292 16
1617 1292 16
1562 1292 16
1562 1008 11
5628 1195 18
5629 1243 12
5632 5633 15
5632 5634 42
5635 5636 13
1431 1362 16
1431 1350 12
5639 6 3
5639 1307 12
5603 288 12
1645 1900 13
2213 2212 13
1803 63 3
1803 1560 16
1803 29 12
5620 63 3
5644 711 12
5645 5649 16
5645 1734 12
5645 5650 30
5653 6 3
5655 1150 13
5655 44 17
5658 3199 15
5665 102 8
5666 41 11
5668 879 15
1625 6 3
5674 3989 15
303 288 12
303 296 16
5676 3195 15
5677 2936 15
1608 1453 13
5680 653 11
5681 524 38
5681 5682 28
4769 5683 16
5684 5685 13
5686 5687 13
5686 5688 15
5686 5689 18
5692 6 3
5694 5178 11
5695 5696 7
5697 5698 11
5697 5699 7
5700 3034 7
5704 6 3
5704 2546 13
5705 5706 42
5707 5708 7
5709 63 3
5710 5713 7
5714 3599 8
5714 3572 6
5715 871 8
5717 63 3
5717 5718 18
5720 871 1
5720 4379 20
5720 2833 20
5724 5725 35
5727 22 8
5729 6 3
5730 5731 15
5732 5733 7
5732 5734 8
5735 6 3
5736 5737 11
5736 6 3
5738 5739 13
5741 121 17
5742 5743 35
5745 5503 5
5747 5748 7
5749 2112 11
5751 5753 47
5751 192 31
5755 1208 38
5755 3414 28
5757 5758 18
5759 63 3
5760 6 3
5760 22 8
5763 5764 7
5763 563 10
5765 219 31
5767 5768 6
5767 4258 6
5776 5777 5
5779 36 15
5780 5781 7
5782 5783 5
3757 5788 13
5789 6 3
5790 6 3
5790 2689 11
5790 804 48
5791 121 17
5793 527 11
5794 3106 42
5794 504 19
5794 121 17
5795 5796 15
5797 675 11
5797 153 6
5798 5799 15
5801 675 11
5801 22 8
5803 219 31
5806 3106 42
5806 879 20
5807 5808 18
5807 3371 7
5812 3328 15
5813 5814 15
5813 121 17
4846 5815 42
4846 2545 16
5816 6 3
5816 2408 44
5817 653 11
5818 5819 38
5820 3888 21
5821 3414 28
5821 1952 7
5824 3350 20
5825 871 8
5829 102 8
5829 545 10
5830 6 3
5831 288 12
5831 102 8
5832 1307 12
1285 1292 16
1797 6 3
5614 6 3
5844 1292 16
1300 1292 16
1526 1292 16
1314 1292 16
1315 1307 12
1787 1522 13
1787 1307 12
1527 1292 16
5856 6 3
5856 711 12
5857 1350 12
1301 1292 16
1798 6 3
5860 1292 16
5850 6 3
751 710 16
751 711 12
1756 1292 16
1565 1292 16
1999 1292 16
5671 1242 16
1566 1522 13
1793 6 3
1793 1292 16
1794 6 3
5867 1242 16
5867 1243 12
748 711 12
1800 6 3
1800 1038 12
5880 1038 12
1003 1038 12
5885 1038 12
5888 225 13
5887 6 3
5877 5889 12
5892 3766 28
1736 5900 13
1795 1292 16
5902 5584 13
1739 6 3
1791 1292 16
5914 5915 13
5918 5919 5
5918 5920 42
5923 920 20
5923 3925 50
5926 600 11
5929 5931 12
5932 2636 15
3469 5934 18
5935 6 3
5936 5937 7
5939 2636 15
5939 653 11
5942 3538 13
5944 2110 16
5945 675 11
5946 5947 12
5948 527 11
4845 63 3
5955 5956 5
5957 6 3
5966 6 3
5967 3076 28
5969 5970 18
5969 892 7
5971 153 6
5973 65 21
5974 5975 16
5976 3320 11
5982 6 3
5983 5984 7
5986 41 11
5986 1050 30
5989 5990 35
5995 4747 15
5995 5996 1
5997 5998 13
5997 4622 18
5999 6 3
6000 6003 59
6005 920 18
6005 3414 28
6006 2261 6
6007 6008 12
6009 904 35
3900 5633 18
3900 6010 16
6011 6 3
6012 1064 17
6018 29 12
6021 6 3
6021 5584 13
2197 5584 13
5661 2270 13
5906 5584 13
5873 1038 12
6022 1630 16
1182 2270 13
5904 5584 13
5916 63 3
5640 296 16
5855 5915 13
6023 1640 13
6023 6 3
6024 1630 16
6026 6028 15
6032 6034 11
6035 6 3
6036 153 6
6038 102 8
6038 920 20
6042 675 11
6042 219 31
6043 673 11
6044 4921 42
6044 5512 16
6045 6046 5
6045 675 11
6049 3938 15
6050 6051 7
6053 653 11
6054 5024 5
6054 6055 16
6056 6058 11
6063 571 35
6065 6066 7
6065 121 17
6070 6071 42
6072 4594 13
6077 2583 11
6077 556 30
6082 6 3
6082 5206 28
6082 3253 28
6086 6 3
6087 5799 18
6088 4296 72
6090 6 3
6091 812 1
6092 6093 7
6092 121 17
6098 879 15
6099 1124 15
6099 121 17
6104 3099 11
6105 6106 10
6107 3194 8
6107 6110 20
6111 1107 15
6111 148 10
6112 274 11
6114 1172 18
21 6118 83
165 6128 83
624 6182 83
666 6188 83
666 6189 83
6202 1185 52
876 531 11
896 6213 15
6224 1018 104
6224 6225 105
6226 1018 104
6226 6143 105
1106 6230 52
1106 6231 106
6246 1456 104
6246 6143 105
1672 614 109
6257 1724 104
1833 5545 111
6263 1992 104
6263 3559 105
2037 199 18
2135 1047 15
2200 6277 83
2249 6278 28
2388 2067 18
6299 2560 104
2726 653 11
2809 879 15
2830 6326 18
3050 6339 35
3168 614 109
3168 6355 109
3209 653 11
6368 2669 83
3400 6369 125
3398 6369 126
6380 6381 128
3560 2583 11
3586 41 11
3615 6387 52
3635 6390 15
3650 6393 18
3762 1047 15
3818 6415 83
6423 199 18
4010 6451 105
6455 6456 35
4071 5304 18
4233 6483 15
4253 6277 83
4282 251 18
4284 6492 83
4293 920 15
4354 6502 35
4518 144 15
4562 2915 35
4598 6525 138
4607 6527 15
4653 1047 18
6536 6535 125
6537 6535 126
4815 5311 35
4864 181 15
4922 614 109
4977 6560 15
4981 1047 15
5026 1047 18
5036 1047 15
5072 527 11
4849 6571 65
2116 6571 147
536 6571 148
5108 1233 28
6574 3923 125
6575 3923 126
5153 6580 109
5154 601 83
5218 6339 35
5247 148 83
5286 675 11
5348 2565 11
5355 41 11
5359 3893 35
5365 3106 42
5405 3222 18
5410 2669 83
5424 6602 35
5444 6362 52
5444 6606 52
5493 2141 83
6611 6610 125
6612 6610 126
6616 5581 152
6617 5581 153
5651 2668 83
5681 2293 35
5727 4576 11
6625 6627 65
5922 6628 35
6634 6633 125
6635 6633 126
5964 3076 28
6090 229 15
6646 6107 157
6646 6544 158
6660 2293 35
6672 6339 35
6675 6677 20
6678 1047 15
6678 6679 11
6680 2936 15
6681 879 15
6694 6695 18
6705 274 11
6706 4069 15
6707 1047 15
6725 3742 6
6741 6742 52
6743 6744 18
6745 2668 83
6751 2668 83
6751 1665 18
6767 229 15
6776 6777 18
6780 6783 109
6790 2293 35
6793 2293 35
6795 4502 161
6802 5339 15
6813 6814 18
6817 1185 52
6820 6822 83
6844 199 15
6847 6846 125
3402 6846 126
6850 6852 83
6867 6868 65
6874 1208 38
6887 6888 35
6904 6903 125
6905 6903 126
6911 6910 125
6912 6910 126
6917 920 18
