6195
0 1 0
2 4 2
2 5 2
13 14 0
15 16 2
15 17 2
19 20 0
31 34 14
31 35 14
37 39 14
37 33 14
43 45 14
46 47 2
49 52 2
54 55 14
56 57 2
69 70 0
69 71 22
72 73 2
74 75 14
78 79 23
86 87 2
88 89 24
90 91 25
94 95 0
94 96 26
98 99 14
111 112 29
111 113 29
114 115 2
114 116 0
117 118 14
117 119 14
122 123 2
122 124 2
125 126 0
132 133 2
135 115 2
135 136 2
137 57 2
138 139 2
138 140 26
143 145 2
143 115 2
146 147 0
149 150 14
151 152 2
158 159 26
158 160 0
162 163 24
162 164 26
165 166 2
165 167 2
169 170 29
174 175 0
174 176 2
177 178 14
179 152 2
180 182 24
183 184 2
185 186 2
188 189 2
193 194 26
193 196 25
197 198 2
197 200 25
201 202 2
201 194 26
206 139 2
206 208 25
209 210 2
211 212 2
214 57 2
214 215 0
222 223 2
227 139 2
227 228 25
227 229 33
231 232 26
231 234 34
235 236 14
235 237 14
239 240 0
241 242 2
241 243 22
244 245 23
244 246 23
247 248 2
253 254 14
253 255 14
253 256 14
258 259 14
258 253 14
258 260 14
258 254 14
261 262 14
261 263 14
261 264 14
261 256 14
265 268 14
265 269 14
268 270 14
268 271 14
268 256 14
272 273 0
269 275 14
269 270 14
269 276 14
282 283 14
282 284 14
282 285 14
282 286 14
287 289 14
287 290 14
287 291 14
287 292 14
293 294 14
293 295 14
297 298 14
297 299 14
300 301 14
302 303 14
302 294 14
304 305 14
306 293 14
306 295 14
307 308 14
307 309 14
307 310 14
307 311 14
312 313 2
314 289 14
314 315 14
314 316 14
314 317 14
318 319 14
318 320 14
318 321 14
318 322 14
323 324 14
323 325 14
323 326 14
327 328 14
327 329 14
327 322 14
327 318 14
327 292 14
326 315 14
326 320 14
326 330 14
326 331 14
326 332 14
333 334 14
333 335 14
333 336 14
335 337 14
335 338 14
339 340 14
339 341 14
342 343 14
342 344 14
342 345 14
342 346 14
342 347 14
342 348 14
349 350 14
349 351 14
349 352 14
353 354 14
355 356 14
355 357 14
358 351 14
358 359 14
358 360 14
361 362 14
361 363 14
361 364 14
352 365 14
352 366 14
352 349 14
363 367 14
363 365 14
363 354 14
368 369 14
368 370 14
368 371 14
372 373 14
372 374 14
372 375 14
372 376 14
377 378 14
377 379 14
380 381 14
380 382 14
383 384 14
383 385 14
386 388 14
382 384 14
382 381 14
389 390 14
389 391 14
389 392 14
389 387 14
393 394 14
393 390 14
393 395 14
393 389 14
393 391 14
396 397 14
396 398 14
396 387 14
396 399 14
391 400 14
391 396 14
391 401 14
401 402 14
401 403 14
401 404 14
405 390 14
405 400 14
405 406 14
405 397 14
405 407 14
408 409 14
408 410 14
413 414 2
415 416 2
417 418 2
417 419 2
417 420 2
417 422 26
417 423 23
425 426 29
427 428 33
429 17 2
430 431 24
433 434 22
437 438 2
437 439 2
437 440 0
443 115 2
444 115 2
448 450 36
451 453 0
451 454 0
455 456 22
458 167 2
460 461 33
462 463 2
466 468 2
466 469 2
466 470 0
473 474 2
475 476 29
479 17 2
480 482 0
483 485 26
486 487 0
486 488 0
486 489 0
486 491 37
493 184 2
495 184 2
495 496 14
497 499 14
500 501 2
502 189 2
505 57 2
508 509 14
508 510 14
515 47 2
515 167 2
515 516 2
517 518 0
517 519 24
522 523 2
525 526 2
528 529 2
528 189 2
528 123 2
534 501 2
534 167 2
534 184 2
537 538 25
539 540 33
541 542 22
541 543 26
541 544 26
546 123 2
547 548 39
547 549 26
547 550 26
551 552 14
551 553 14
554 555 2
554 485 26
557 558 2
559 560 2
559 561 26
567 568 36
567 569 36
567 200 25
570 572 33
574 526 2
577 57 2
579 580 41
581 582 0
581 228 25
583 584 14
583 585 14
588 485 26
589 590 0
589 591 0
589 228 25
592 593 2
592 595 34
596 597 2
596 598 26
596 140 26
602 558 2
603 605 14
606 607 0
606 608 2
609 232 26
612 614 2
612 607 0
612 615 0
612 208 25
618 619 14
620 621 0
620 622 0
620 623 0
625 189 2
625 144 33
626 77 33
628 629 2
631 632 22
631 228 25
633 634 2
635 636 2
638 639 2
640 641 0
640 642 2
643 644 2
643 645 2
643 646 2
647 598 26
651 91 25
661 662 22
661 663 34
664 526 2
664 665 29
666 47 2
666 474 2
668 463 2
670 672 34
676 208 25
678 679 39
680 529 2
680 47 2
680 681 45
680 682 34
683 684 2
686 687 2
693 526 2
698 202 2
700 701 2
706 707 14
706 708 14
706 709 14
712 713 14
712 714 14
712 715 14
712 716 14
712 709 14
717 718 14
717 719 14
717 720 14
717 721 14
717 722 14
723 724 14
723 707 14
723 725 14
723 726 14
723 727 14
728 730 14
728 717 14
728 723 14
728 707 14
731 706 14
731 717 14
731 732 14
731 726 14
733 734 14
733 713 14
733 731 14
733 732 14
733 735 14
732 717 14
732 736 14
732 737 14
738 725 14
738 735 14
738 708 14
738 721 14
738 722 14
739 712 14
739 723 14
739 740 14
739 736 14
725 718 14
725 728 14
725 741 14
725 716 14
725 722 14
715 730 14
715 719 14
715 709 14
740 724 14
740 715 14
740 735 14
740 742 14
736 707 14
736 716 14
736 737 14
736 743 14
736 709 14
726 724 14
726 719 14
726 714 14
726 732 14
726 741 14
741 734 14
741 732 14
741 722 14
741 743 14
735 716 14
735 722 14
735 743 14
735 709 14
720 723 14
720 728 14
720 726 14
720 737 14
744 745 14
744 746 14
747 748 14
749 750 14
749 751 14
746 748 14
721 734 14
721 717 14
721 715 14
721 716 14
721 743 14
716 725 14
716 736 14
716 741 14
716 709 14
716 734 14
742 719 14
742 752 14
742 741 14
742 708 14
722 728 14
722 752 14
722 726 14
722 743 14
722 730 14
709 712 14
709 732 14
709 726 14
753 754 14
753 755 14
756 757 14
756 758 14
758 756 14
758 759 14
762 756 14
762 763 14
764 757 14
764 763 14
765 766 14
766 757 14
766 756 14
767 768 14
769 766 14
769 770 14
770 764 14
771 772 14
771 773 14
771 774 14
771 775 14
771 776 14
771 777 14
771 778 14
779 780 2
779 781 24
779 426 29
784 785 2
786 223 2
786 787 2
789 152 2
791 792 2
791 793 2
798 799 34
798 800 34
798 485 26
802 167 2
805 470 0
813 814 2
813 816 24
817 152 2
820 821 0
820 822 0
823 152 2
824 825 2
824 826 2
827 644 2
828 529 2
828 17 2
829 17 2
830 755 14
832 160 0
832 833 22
834 835 29
836 837 2
836 838 22
839 840 14
841 842 14
841 843 14
841 844 14
841 845 14
846 848 29
849 850 14
849 851 14
849 852 14
853 854 14
853 855 14
853 856 14
853 852 14
857 853 14
857 843 14
857 858 14
857 852 14
843 859 14
843 856 14
843 852 14
854 860 14
854 861 14
854 862 14
854 841 14
863 864 14
863 855 14
863 856 14
863 852 14
865 849 14
865 853 14
865 843 14
867 862 14
867 843 14
867 856 14
867 852 14
868 687 2
870 872 22
873 875 26
880 662 22
888 582 0
889 208 25
890 91 25
896 898 22
899 879 33
900 615 0
900 901 39
902 313 2
905 906 39
908 17 2
914 139 2
916 152 2
917 47 2
917 152 2
917 918 2
921 922 14
923 516 2
925 160 0
925 561 26
926 208 25
928 468 2
932 933 22
932 934 22
935 937 14
938 825 2
940 941 0
940 942 0
943 944 26
943 945 0
946 947 2
948 228 25
949 164 26
949 950 26
949 951 0
952 953 26
952 954 26
952 955 26
952 956 22
957 785 2
957 958 14
957 959 14
957 960 14
963 184 2
964 965 2
964 966 34
969 228 25
971 972 36
971 973 45
974 209 23
974 976 22
979 152 2
980 981 2
984 950 26
985 140 26
985 208 25
986 159 26
986 987 22
986 988 22
989 167 2
989 990 36
993 994 24
997 998 0
999 1001 36
1002 1003 14
1004 459 33
1009 1011 14
1009 1012 14
1015 152 2
1016 825 2
1016 1017 22
1018 644 2
1018 200 25
1020 1021 0
1020 1022 39
1023 1024 34
1023 1025 36
1026 57 2
1030 1031 41
1034 1009 14
1034 1035 14
1034 1036 14
1037 501 2
1048 1049 36
1051 607 0
1051 1052 0
1053 1055 14
1053 1056 14
1053 1057 14
1053 1058 14
1053 1059 14
1060 1061 14
1060 1062 14
1060 775 14
1060 1063 14
1060 1056 14
1065 771 14
1065 1066 14
1065 1067 14
1065 1068 14
1069 1070 14
1069 1071 14
1069 1072 14
1069 1056 14
1069 345 14
1057 1073 14
1057 1065 14
1057 1074 14
1057 348 14
343 771 14
343 1073 14
343 1072 14
343 1067 14
343 1075 14
343 1076 14
1077 1059 14
1077 348 14
1077 1066 14
1077 777 14
1077 1076 14
1077 772 14
1058 773 14
1058 1055 14
1058 1072 14
1058 774 14
1058 1078 14
1058 1079 14
1058 345 14
1080 1073 14
1080 1066 14
1080 774 14
1080 1063 14
1080 776 14
1080 1075 14
1080 1068 14
1078 1070 14
1078 1055 14
1078 774 14
1078 1081 14
1078 1063 14
1078 1082 14
1078 1060 14
1079 1083 14
1079 1063 14
1079 1084 14
1079 343 14
1079 1058 14
1079 1080 14
1059 1056 14
1059 1085 14
1059 345 14
1059 346 14
1059 347 14
778 1053 14
778 1057 14
778 1077 14
778 1079 14
778 1074 14
778 346 14
778 347 14
1086 1087 14
1086 1071 14
1086 1072 14
1086 774 14
1086 1088 14
1086 1063 14
1086 342 14
1074 1053 14
1074 1060 14
1074 1057 14
1074 1086 14
1074 344 14
1085 1076 14
1085 1082 14
1085 1084 14
1085 1065 14
1085 344 14
1085 347 14
1085 348 14
344 1089 14
344 1070 14
344 777 14
344 772 14
344 1086 14
1061 1073 14
1061 1066 14
1061 1072 14
1061 1088 14
1061 1082 14
1087 771 14
1087 1071 14
1087 1055 14
1087 1090 14
1087 345 14
1087 347 14
1062 771 14
1062 1061 14
1062 1055 14
1062 1063 14
1062 1091 14
1062 1058 14
1070 1061 14
1070 776 14
1070 1069 14
1070 344 14
1070 348 14
773 1062 14
773 1075 14
773 1076 14
773 1053 14
773 1065 14
773 1085 14
1073 1072 14
1073 774 14
1073 1076 14
1073 1063 14
1073 772 14
1073 1058 14
1073 1080 14
1071 774 14
1071 1083 14
1071 1082 14
1071 772 14
1071 1086 14
1071 345 14
1055 1068 14
1055 772 14
1055 343 14
1055 347 14
1055 348 14
1066 1089 14
1066 773 14
1066 774 14
1066 776 14
1066 1077 14
1066 778 14
1066 1086 14
1072 1063 14
1072 777 14
1072 1071 14
1072 1060 14
1072 343 14
1072 778 14
774 1073 14
774 1088 14
774 1092 14
774 1091 14
774 1059 14
774 1074 14
1083 1073 14
1083 1066 14
1083 1067 14
1083 1082 14
1083 1077 14
1083 344 14
1090 1073 14
1090 1071 14
1090 776 14
1090 342 14
1090 1060 14
1090 344 14
1090 345 14
1088 773 14
1088 1073 14
1088 1071 14
1088 1083 14
1088 775 14
1088 1053 14
1088 1058 14
1092 1071 14
1092 1076 14
1092 1060 14
1092 1077 14
1092 1074 14
1081 1056 14
1081 1071 14
1081 1065 14
1081 346 14
1081 348 14
1067 1070 14
1067 1063 14
1067 1093 14
1067 772 14
1067 1057 14
775 773 14
775 1069 14
775 1058 14
775 1059 14
775 345 14
775 1089 14
1063 1073 14
1063 1088 14
1063 772 14
1063 1085 14
1063 348 14
1063 1089 14
1093 1074 14
1093 346 14
1093 347 14
1093 348 14
1093 1089 14
776 1055 14
776 1066 14
776 1068 14
776 1069 14
776 1057 14
776 1058 14
776 1080 14
1082 1070 14
1082 1073 14
1082 1066 14
1082 774 14
1082 1067 14
1082 775 14
1082 1069 14
1075 1060 14
1075 1077 14
1075 1073 14
1075 1083 14
1075 1063 14
1075 776 14
1075 1091 14
1068 1076 14
1068 1074 14
1068 344 14
1068 345 14
1068 346 14
1068 348 14
777 1070 14
777 1093 14
777 342 14
777 1080 14
777 1089 14
777 1069 14
777 1079 14
1084 1071 14
1084 775 14
1084 1068 14
1084 772 14
1084 1069 14
1084 1079 14
1084 1086 14
1076 771 14
1076 1083 14
1076 775 14
1076 342 14
1076 345 14
1076 348 14
772 1060 14
772 1090 14
772 775 14
772 1093 14
772 776 14
772 1084 14
772 1076 14
1091 1062 14
1091 773 14
1091 774 14
1091 342 14
1091 778 14
1091 1089 14
1094 501 2
1094 555 2
1096 196 25
1102 189 2
1103 1104 2
1103 1105 0
1106 140 26
1106 1107 33
1112 644 2
1112 1113 34
1114 785 2
1114 687 2
1114 1115 2
1114 198 2
1121 1122 2
1121 202 2
1130 1133 25
1135 1136 14
1137 1138 14
1137 1139 14
1140 1141 14
1142 152 2
1144 1145 14
1144 1146 14
1144 1147 14
1144 1148 14
1151 485 26
1151 1152 26
1151 1153 0
1161 701 2
1163 123 2
1164 701 2
1166 1168 26
1169 1170 29
1174 1175 22
1174 1176 22
1174 57 2
1177 1178 0
1177 1179 37
1180 1181 14
1180 1182 14
1183 1184 24
1189 1190 14
1189 1191 14
1189 1192 14
1193 701 2
1196 1052 0
1196 1197 0
1198 166 2
1198 1200 37
1201 1202 14
1204 189 2
1206 1207 0
1213 152 2
1213 501 2
1215 1216 14
1218 1219 2
1221 526 2
1222 1223 29
1225 1228 34
1225 1229 34
1225 1230 45
1232 1234 36
1235 1236 2
1237 1238 2
1237 1156 14
1239 202 2
1239 47 2
1239 1240 24
1244 337 14
1246 1247 14
1246 1248 14
1246 368 14
1246 1249 14
373 1246 14
373 1250 14
373 1251 14
373 376 14
316 1252 14
316 314 14
316 1253 14
316 290 14
378 1254 14
310 1255 14
310 1256 14
310 1257 14
310 1258 14
310 1259 14
1260 1261 14
1262 321 14
1262 324 14
1262 325 14
1262 317 14
1263 393 14
1263 1264 14
1263 399 14
403 1265 14
403 395 14
403 1266 14
403 1267 14
403 1268 14
1269 1270 14
1271 311 14
1271 1257 14
1271 1272 14
1271 1273 14
1271 1274 14
1276 1246 14
1276 1247 14
1276 1277 14
1276 1278 14
1276 1279 14
1280 1281 14
1280 1282 14
299 1283 14
1284 1285 14
1284 1286 14
1284 1287 14
1284 1288 14
1284 1289 14
1284 1290 14
1284 1291 14
1293 1294 14
1295 1297 14
410 1298 14
1299 1300 14
1299 1301 14
1299 1302 14
1299 1303 14
1299 1304 14
1299 1305 14
1299 1306 14
1308 1303 14
1308 1309 14
1308 1310 14
1308 1311 14
1308 1312 14
1308 1300 14
1308 1313 14
1308 1314 14
1308 1315 14
1316 360 14
1316 349 14
1316 362 14
1317 208 25
1319 1320 14
1321 1322 14
1321 1323 14
1324 1325 14
1324 1326 14
1327 1326 14
1327 1328 14
1325 1329 14
1325 1330 14
1322 1328 14
1322 1329 14
1334 1335 14
1334 1336 14
552 1338 14
1339 54 14
1340 1341 14
1343 152 2
1343 825 2
1343 1344 2
1345 468 2
1346 1347 14
1346 1348 14
1349 1351 14
1347 1346 14
1352 1354 14
1355 1356 14
1357 1355 14
1358 1359 14
1360 1358 14
1365 1366 14
1368 1369 14
1368 1370 14
1372 1373 14
1374 1375 14
1374 1376 14
1375 1377 14
1378 1353 14
1378 1349 14
1379 1380 14
1381 1353 14
1383 1363 14
1383 1373 14
1384 1364 14
1384 1352 14
1348 1353 14
840 1386 14
1351 1348 14
1351 1387 14
1377 1357 14
1369 1368 14
1369 1391 14
1359 1371 14
1392 866 14
1393 1394 14
1393 1395 14
1393 1396 14
1393 1397 14
1398 1399 14
1398 1400 14
1398 1397 14
1401 1402 14
1401 1403 14
1401 1404 14
1404 1405 14
1404 1406 14
1404 1407 14
1404 1408 14
1406 1398 14
1406 1409 14
1406 1400 14
1406 1397 14
1396 1410 14
1396 1401 14
1396 1406 14
1396 1411 14
1411 1405 14
1411 1412 14
1411 1413 14
1411 1414 14
1415 1412 14
1415 1395 14
1415 1410 14
1415 1398 14
1416 1417 14
1416 1418 14
1416 1401 14
1414 1402 14
1414 1394 14
1414 1398 14
1414 1401 14
1419 1405 14
1419 1421 14
1419 1409 14
1422 1423 14
1422 1398 14
1422 1406 14
1408 1396 14
1408 1422 14
1408 1409 14
1408 1400 14
1424 1405 14
1424 1394 14
1424 1423 14
1424 1401 14
1400 1413 14
1400 1416 14
1400 1407 14
1400 1409 14
1391 1426 14
1427 1346 14
1428 1429 14
1428 1354 14
1430 1431 14
1430 1432 14
1373 1433 14
1373 1361 14
1356 1361 14
1380 1381 14
1436 1437 14
1438 1439 14
1438 1440 14
1441 1365 14
1442 1364 14
1442 1374 14
1443 1441 14
1445 1391 14
1445 1446 14
1376 1363 14
1447 1381 14
1447 1427 14
1446 1439 14
1446 1448 14
1354 1352 14
1354 1428 14
1439 1449 14
1439 1440 14
1449 1431 14
1452 1454 14
1452 1256 14
1452 311 14
1452 1455 14
1456 785 2
394 397 14
394 405 14
394 398 14
1461 1462 33
1461 973 45
1463 1464 14
1465 1466 14
1465 1467 14
1465 1468 14
1465 1469 14
1470 1471 14
1470 307 14
1470 1274 14
1470 1455 14
1472 1473 14
1474 1475 14
1477 1478 14
1480 1481 14
1480 1482 14
1480 1483 14
1483 1481 14
1483 1485 14
1483 1486 14
1483 1487 14
1488 1485 14
1488 1489 14
1488 1490 14
1487 1491 14
1487 1492 14
1487 1480 14
1494 1495 14
1494 1496 14
1494 1483 14
1494 1486 14
1497 1490 14
1497 1487 14
1497 1498 14
1499 1496 14
1499 1500 14
1499 1501 14
1499 1486 14
1502 1496 14
1502 1485 14
1502 1503 14
1502 1486 14
1504 1505 14
1504 1506 14
1504 1486 14
1504 1487 14
1507 1495 14
1507 1489 14
1507 1508 14
1507 1497 14
1511 299 14
1511 1512 14
1513 1514 14
1513 1515 14
1513 1516 14
1513 284 14
1517 1518 14
1517 1519 14
1517 1520 14
294 295 14
1521 1523 14
1521 1284 14
1521 1524 14
1521 1310 14
1521 1525 14
1521 1526 14
1521 1527 14
1521 1528 14
1529 1530 14
1529 334 14
1529 1531 14
1254 1532 14
350 360 14
350 353 14
350 362 14
1534 1535 14
381 1536 14
381 377 14
1537 1244 14
1537 1538 14
1539 1541 14
1542 189 2
1543 403 14
1543 400 14
1543 1545 14
1547 1548 14
1547 1549 14
1550 1551 14
1552 9 14
1553 1338 14
1553 1554 14
1555 1342 14
1556 1557 14
1556 35 14
1468 282 14
1468 1558 14
1468 1559 14
1561 1524 14
1561 1525 14
1561 1289 14
1561 1562 14
1561 1563 14
1561 1315 14
1561 1564 14
1561 1565 14
1561 1566 14
1567 1113 34
1567 1569 45
1514 1570 14
1514 283 14
1514 284 14
1514 1571 14
1514 1572 14
1573 1574 0
1573 1575 0
1573 228 25
1576 1557 14
1576 31 14
397 1577 14
397 1263 14
397 394 14
397 1266 14
397 404 14
1578 1579 14
1578 1253 14
1578 1580 14
351 1581 14
351 365 14
351 353 14
1585 1136 14
1585 1586 14
1587 1339 14
1588 1339 14
1589 54 14
1590 55 14
1591 55 14
1592 75 14
1592 1593 14
1594 99 14
1594 1595 14
1596 1597 14
1041 1598 14
1041 1595 14
1599 1598 14
1599 99 14
1600 75 14
1600 99 14
1601 1602 14
1595 99 14
1595 1601 14
1605 299 14
1605 1606 14
320 1607 14
320 287 14
320 314 14
1454 1608 14
1454 1609 14
1454 1272 14
1454 1274 14
1610 1611 14
1610 1612 14
1524 1613 14
1524 1614 14
1524 1561 14
1524 1615 14
1524 1616 14
1524 1617 14
1524 1285 14
1524 1528 14
1618 1619 14
1618 1570 14
1618 1620 14
1618 1559 14
1621 1622 14
1621 1302 14
1621 1623 14
1621 1521 14
1621 1309 14
1621 1624 14
1621 1625 14
1621 1626 14
1627 409 14
270 260 14
270 254 14
1629 1631 14
1632 1633 14
1632 1634 14
1635 1636 14
1635 1634 14
1637 1638 14
1638 1637 14
1639 1641 14
1643 1644 14
1643 1645 14
388 1646 14
388 1647 14
1648 324 14
1648 1649 14
1648 1650 14
1648 1651 14
1648 317 14
1652 1653 14
1652 295 14
1654 1655 2
1656 1657 26
1656 1658 33
1469 1660 14
1469 1466 14
1469 285 14
1469 1661 14
1663 33 14
1515 1468 14
1515 1467 14
1515 1667 14
1515 1668 14
1515 1559 14
1669 941 0
1671 409 14
1672 582 0
1674 1675 23
1676 248 2
1676 1677 34
1678 485 26
1679 273 0
1609 1682 14
1609 1683 14
1609 1274 14
1609 1471 14
1609 1608 14
1685 1686 29
1689 1690 0
1691 646 2
1693 1694 22
1695 1696 26
1695 1697 0
1698 1699 22
1698 1700 2
1701 1702 0
1704 1705 26
1706 1275 14
1706 1707 14
1708 1710 14
1711 1712 22
1713 145 2
1713 199 33
1715 526 2
1717 1718 45
1719 787 2
1719 1720 24
1721 1723 22
1724 123 2
1724 1725 33
1726 1727 2
1726 629 2
1728 1729 22
1730 879 33
1730 1731 0
1732 644 2
1732 672 34
1735 1736 14
1735 1737 14
1738 1562 14
1738 1285 14
1738 1300 14
1738 1563 14
1738 1301 14
1738 1739 14
1740 1741 14
1742 57 2
9 1744 14
1505 1496 14
1505 1504 14
1505 1507 14
1746 1471 14
1746 308 14
1746 1608 14
1746 1747 14
1746 1256 14
354 355 14
354 357 14
1530 1537 14
1530 341 14
1748 1749 14
1748 370 14
1748 1750 14
1748 375 14
1748 1249 14
1753 1496 14
1753 1500 14
1753 1499 14
1754 1561 14
1754 1309 14
1754 1285 14
1754 1314 14
1754 1301 14
1754 1755 14
1754 1756 14
1482 1490 14
1482 1503 14
334 335 14
334 1244 14
1644 1757 14
1644 1549 14
1471 1683 14
1471 1758 14
1471 1759 14
1471 1455 14
1760 1761 14
1762 1763 0
1475 1474 14
1475 1766 14
1335 1768 14
1769 1770 14
1771 1772 14
1775 1550 14
1775 1776 14
366 1777 14
366 1581 14
366 367 14
1779 1780 29
1781 1782 14
1781 1783 14
1784 1744 14
1784 1785 14
1309 1521 14
1309 1738 14
1309 1786 14
1309 1311 14
1309 1525 14
1309 1315 14
1309 1787 14
1309 1528 14
1309 1305 14
39 1788 14
39 1789 14
1624 1308 14
1624 1527 14
1624 1564 14
1624 1286 14
1624 1791 14
1624 1305 14
1624 1306 14
1792 316 14
1792 1650 14
1792 329 14
1792 317 14
1310 1754 14
1310 1311 14
1310 1304 14
1310 1301 14
1310 1286 14
1310 1793 14
1310 1794 14
1310 1795 14
1291 1796 14
1291 1304 14
1291 1797 14
1291 1787 14
1291 1798 14
1291 1286 14
1291 1566 14
1799 1800 14
1799 1034 14
1801 1769 14
1801 1551 14
1802 1803 14
1802 1667 14
1802 1559 14
1788 39 14
1804 1805 14
1804 1806 14
1807 1787 14
1807 1564 14
1807 1755 14
1807 1565 14
1807 1288 14
1807 1739 14
1807 1613 14
1807 1290 14
1785 1808 14
1810 1138 14
1810 1139 14
1811 104 14
1811 1812 14
104 105 14
1813 1814 14
1813 1810 14
1139 105 14
1815 1810 14
1815 1813 14
1138 1815 14
1138 1816 14
1817 1814 14
1817 1137 14
1818 1139 14
1818 1815 14
1819 1810 14
1820 1811 14
1816 1821 14
1812 1810 14
1812 1815 14
1786 1796 14
1786 1299 14
1786 1621 14
1786 1822 14
1786 1314 14
1786 1564 14
1786 1626 14
385 381 14
385 384 14
1823 1276 14
1823 1824 14
1823 369 14
1823 1825 14
359 351 14
359 1826 14
1777 350 14
1777 364 14
1495 1481 14
1495 1490 14
1495 1827 14
1495 1497 14
1828 1829 24
390 1263 14
390 395 14
390 396 14
390 401 14
390 1830 14
1606 1831 14
1832 1512 14
1833 1835 0
1311 1524 14
1311 1309 14
1311 1304 14
1311 1616 14
1311 1289 14
1311 1562 14
1311 1288 14
1311 1305 14
379 378 14
379 381 14
1265 394 14
1265 402 14
1265 1836 14
1265 399 14
395 1837 14
395 407 14
395 387 14
395 399 14
1536 378 14
1536 1532 14
360 1581 14
360 1838 14
321 289 14
321 328 14
321 287 14
321 327 14
1839 1605 14
1839 1512 14
1056 773 14
1056 774 14
1056 1092 14
1056 776 14
1056 777 14
1056 1084 14
1056 1065 14
1840 1841 14
1840 1842 14
1843 261 14
1843 1844 14
1843 1845 14
260 1846 14
260 276 14
260 1847 14
260 1844 14
276 1848 14
276 1849 14
276 254 14
276 264 14
256 253 14
256 261 14
256 1843 14
256 264 14
1850 1852 14
1853 1854 22
1855 1857 14
1858 202 2
1660 1468 14
1660 284 14
1660 285 14
1570 1513 14
1570 1468 14
1570 1859 14
1570 1860 14
1707 1864 14
1864 1275 14
1864 1293 14
34 31 14
35 1865 14
1866 1557 14
32 1867 14
32 39 14
1867 1868 14
33 37 14
33 1868 14
1789 39 14
1869 140 26
1869 1870 22
1516 1513 14
1516 1859 14
1516 1660 14
1516 1668 14
1516 1871 14
283 1618 14
283 1872 14
283 1668 14
283 1873 14
1466 1465 14
1466 1468 14
1466 1872 14
1466 1619 14
1466 1874 14
1875 1468 14
1875 1515 14
1875 1876 14
1875 1559 14
1874 1466 14
1874 1667 14
1874 1876 14
284 1465 14
284 1619 14
284 1467 14
284 1877 14
284 1873 14
1467 1514 14
1467 1859 14
1467 1874 14
1467 1661 14
1467 1571 14
1667 1465 14
1667 1513 14
1667 284 14
1667 1571 14
1667 1860 14
1668 1513 14
1668 1859 14
1668 1558 14
1878 1468 14
1878 1514 14
1878 1619 14
1878 282 14
285 1513 14
285 1514 14
285 282 14
285 1667 14
1661 1465 14
1661 1859 14
1661 1668 14
1879 1880 14
1879 1667 14
1879 1661 14
1879 1876 14
1879 1571 14
1881 1859 14
1881 282 14
1881 1660 14
1881 1466 14
1881 1874 14
1558 1465 14
1558 1802 14
1558 1872 14
1558 1570 14
1876 1515 14
1876 1802 14
1876 1660 14
1876 1466 14
1876 1871 14
1882 37 14
1882 1883 14
1868 1269 14
1884 1269 14
45 1663 14
1883 1270 14
1885 1550 14
1885 1760 14
1886 1885 14
1761 1770 14
1551 1761 14
1551 1887 14
1770 1885 14
1889 1775 14
1890 1775 14
1890 1761 14
1892 1893 14
1894 1280 14
1894 1891 14
1895 1891 14
1895 1894 14
1893 1891 14
1893 1894 14
1297 1892 14
1297 1896 14
1897 1891 14
1897 1895 14
1549 1644 14
1902 1548 14
1902 1643 14
1903 1645 14
1903 1904 14
1905 1906 14
1905 1296 14
1907 1645 14
1906 1905 14
1908 1662 14
1909 8 14
1744 1808 14
1744 1784 14
1910 1908 14
1910 9 14
1808 1552 14
1911 1580 14
1911 331 14
1911 289 14
1911 1792 14
1912 293 14
1912 1913 14
1914 1606 14
305 1832 14
305 304 14
1915 294 14
1915 1916 14
1915 293 14
1653 306 14
1512 1605 14
399 397 14
399 406 14
399 401 14
399 398 14
399 391 14
1917 1912 14
1917 1918 14
1917 295 14
1913 1919 14
1913 303 14
1913 1915 14
1918 1652 14
1920 1471 14
1920 1921 14
1920 1922 14
1920 1923 14
311 1924 14
311 1255 14
311 307 14
311 1273 14
311 1925 14
1758 1682 14
1758 1471 14
1758 309 14
1758 307 14
1758 1258 14
1257 1926 14
1257 1927 14
1257 1258 14
1928 310 14
1928 1454 14
1928 1922 14
1928 307 14
1928 1274 14
1272 310 14
1272 1271 14
1272 1452 14
1272 1924 14
1272 1929 14
1927 1925 14
1927 1256 14
1927 1759 14
1927 1259 14
1927 1930 14
1273 1682 14
1273 1746 14
1273 1257 14
1273 307 14
1273 1759 14
1258 1931 14
1258 1921 14
1258 1255 14
1258 1927 14
1258 1273 14
1925 307 14
1925 1273 14
1925 1256 14
1925 1930 14
1925 1454 14
1274 1257 14
1274 1930 14
1274 1455 14
1274 1454 14
1932 1925 14
1932 1933 14
1932 1470 14
1932 1922 14
1932 1929 14
1933 1683 14
1933 1273 14
1933 1274 14
1933 1455 14
1933 1470 14
1934 468 2
1934 1935 26
1253 332 14
1253 327 14
1253 326 14
1253 1578 14
290 1648 14
290 1649 14
290 1938 14
290 329 14
322 1262 14
322 320 14
322 1648 14
322 330 14
291 1607 14
291 1649 14
291 1938 14
291 322 14
291 318 14
332 1262 14
332 1607 14
332 324 14
292 1651 14
292 327 14
325 1262 14
325 1648 14
325 314 14
325 332 14
325 292 14
1651 316 14
1651 321 14
1651 1580 14
1651 1252 14
1651 324 14
1298 1939 14
317 321 14
317 331 14
317 1938 14
317 314 14
1940 1941 14
1759 1927 14
1759 1925 14
1759 1929 14
1942 1263 14
1942 403 14
1942 390 14
1942 400 14
1942 391 14
1943 1671 14
1944 1537 14
1944 335 14
1945 1529 14
1945 333 14
1538 1531 14
1538 1946 14
1947 1530 14
1947 340 14
1948 1244 14
1948 338 14
1948 339 14
1949 1530 14
1949 334 14
1949 1538 14
1950 336 14
1950 341 14
1951 561 26
1247 1823 14
1247 1248 14
1247 369 14
1247 1278 14
1954 349 14
1954 358 14
362 1581 14
362 358 14
362 1955 14
356 354 14
356 366 14
356 1956 14
1957 360 14
1957 1581 14
1826 366 14
1826 359 14
1826 364 14
1956 1581 14
357 363 14
1955 350 14
1955 351 14
1955 1838 14
1958 1627 14
1958 410 14
1959 1960 14
1959 371 14
1959 1961 14
1959 1962 14
1959 376 14
1963 1248 14
1963 1278 14
1963 1964 14
1963 375 14
1965 368 14
1965 1966 14
1965 1249 14
1965 376 14
1749 1277 14
1749 369 14
1749 372 14
1749 1963 14
1749 1965 14
1966 1247 14
1966 1965 14
1966 1251 14
1966 371 14
370 1278 14
370 1959 14
370 1967 14
370 375 14
370 1250 14
1251 369 14
1251 1959 14
1251 1966 14
1251 375 14
1967 1276 14
1967 368 14
1967 1750 14
1967 1249 14
1967 376 14
374 1966 14
374 1750 14
374 1250 14
374 376 14
1750 1959 14
1750 1964 14
1750 371 14
1750 376 14
1279 1748 14
1279 1968 14
1279 1964 14
1279 376 14
1825 1276 14
1825 369 14
1825 1968 14
1969 1825 14
1969 1961 14
1969 1247 14
1969 1248 14
1969 1968 14
1964 1278 14
1964 1250 14
1964 376 14
375 1246 14
375 1748 14
375 1824 14
375 368 14
1960 1748 14
1960 1970 14
1960 368 14
1960 1825 14
371 1276 14
371 1968 14
371 1965 14
371 374 14
371 1825 14
1961 1748 14
1961 1248 14
1961 1278 14
1961 370 14
1961 374 14
1962 1247 14
1962 1824 14
1962 372 14
1962 1959 14
1962 1250 14
1249 1279 14
1249 1250 14
1249 376 14
295 1919 14
295 1916 14
295 1971 14
1647 1254 14
1647 385 14
1972 1254 14
1972 381 14
376 1748 14
376 1967 14
376 374 14
376 1825 14
402 397 14
402 396 14
402 391 14
402 392 14
402 1973 14
1837 403 14
1837 395 14
1837 1267 14
1837 405 14
1830 394 14
1830 1266 14
1830 1974 14
1830 1268 14
1830 402 14
1264 403 14
1264 400 14
1264 1267 14
1975 1543 14
1975 1976 14
1975 1267 14
1975 406 14
1975 392 14
392 1976 14
392 407 14
392 398 14
392 399 14
1977 397 14
1977 1265 14
1977 1978 14
1977 391 14
1973 1543 14
1973 397 14
1973 1979 14
1973 389 14
1836 1974 14
1836 1978 14
1836 1837 14
1836 1830 14
1577 1263 14
1577 390 14
1577 1979 14
1577 404 14
1577 1836 14
407 1979 14
407 391 14
407 387 14
407 399 14
398 1263 14
398 1543 14
398 397 14
1930 1683 14
1930 307 14
1930 1258 14
1930 1759 14
1930 1455 14
1455 1608 14
1455 311 14
1455 1272 14
1980 1981 14
1980 1982 14
1983 1324 14
1304 1314 14
1304 1564 14
1304 1286 14
1304 1624 14
1304 1786 14
1304 1523 14
1304 1302 14
1924 1256 14
1924 311 14
1924 1455 14
1924 310 14
1924 1926 14
1989 1991 2
1824 1823 14
1824 1247 14
1824 1963 14
1824 1964 14
1824 372 14
1580 315 14
1580 323 14
1580 325 14
1992 152 2
1992 1993 22
1994 1995 33
1997 1998 14
1997 1999 14
1997 2000 14
2001 2003 33
1557 1707 14
1557 35 14
1581 349 14
1581 358 14
2004 1854 24
2006 632 22
2006 208 25
2006 491 37
1485 1500 14
1485 1827 14
1485 1492 14
2008 2009 14
2008 2010 14
1976 1267 14
1976 1268 14
1976 1978 14
1976 404 14
1976 396 14
1919 1653 14
1919 1913 14
330 1578 14
330 1650 14
330 328 14
330 322 14
1880 1859 14
1880 1660 14
1880 1516 14
1880 1667 14
1880 1558 14
2011 189 2
1252 1262 14
1252 320 14
1252 321 14
1252 329 14
1831 1605 14
1831 1512 14
2012 1897 14
2013 164 26
2013 2014 33
367 1316 14
367 362 14
1266 395 14
1266 400 14
1266 1978 14
1266 393 14
1266 392 14
1531 1529 14
1531 338 14
1623 1622 14
1623 1291 14
1623 1528 14
1623 1301 14
1623 1798 14
1623 1564 14
1623 1755 14
1623 1791 14
1623 1306 14
2015 1915 14
2016 384 14
2016 377 14
331 320 14
331 1253 14
1872 1876 14
1872 1871 14
1872 1513 14
1572 1465 14
1572 1468 14
1572 1514 14
1572 1466 14
2018 785 2
2018 199 33
2018 2019 24
1294 1275 14
1294 1293 14
2020 1575 0
1614 1315 14
1614 1756 14
1614 1565 14
1614 1791 14
1614 1613 14
1614 1312 14
1277 1248 14
1277 1959 14
1277 1279 14
1429 1361 14
1429 1352 14
2023 2024 14
1921 1682 14
1921 1256 14
1921 1273 14
1921 1932 14
1921 1455 14
2024 2025 14
2024 1943 14
1548 1901 14
2026 164 26
2026 2027 2
2028 281 33
2028 485 26
2029 2030 0
2029 2031 0
2034 2035 24
2034 1569 45
337 1530 14
337 1531 14
337 341 14
2045 821 0
2045 57 2
2046 2048 2
2055 2056 14
2055 2057 14
2055 2046 14
2062 170 29
2063 2064 14
2063 2065 14
2069 2070 14
2069 2071 14
2072 47 2
2072 529 2
2073 2074 14
2073 2075 14
2076 2078 14
2079 2080 0
2081 2082 2
2081 2076 14
2081 2078 14
2083 2084 22
2083 2085 24
2083 2086 0
2083 2087 0
2090 2091 2
2090 2092 0
2094 2095 2
2098 2099 0
2098 608 2
2100 2104 0
2105 91 25
2111 2061 14
2113 1737 14
2113 2114 14
2115 2116 2
2119 2120 33
2123 139 2
2123 202 2
585 2125 14
2129 2130 14
2131 281 33
2135 228 25
2137 2125 14
2137 2138 14
2125 2143 2
2147 684 2
2148 1856 14
2148 2149 14
2150 2151 39
2152 585 14
2152 2153 14
2154 1804 14
2154 2155 14
2156 2157 14
2158 2159 14
2158 2160 14
2161 2162 14
509 508 14
509 1850 14
2163 2164 14
2163 2165 14
2163 2166 14
2167 2168 14
2167 2169 14
2170 2169 14
2170 2167 14
2174 2168 14
2174 2176 14
2177 2179 14
2181 2183 14
2184 2185 14
2184 553 14
2186 2187 14
2186 2188 14
2189 2190 24
2189 2191 0
2192 2193 14
2192 2194 14
2192 2195 14
2196 2197 14
2196 2198 14
2196 2199 14
2183 2195 14
2183 2166 14
2183 2201 14
2202 194 26
2203 2204 14
2203 2205 14
2208 2210 14
2211 189 2
2212 2216 14
2212 495 14
2217 2095 2
2219 965 2
2221 2170 14
2221 1857 14
2204 2223 14
2204 2224 14
2225 2151 39
2229 2230 14
2229 1553 14
2231 2195 14
2231 2166 14
2231 2201 14
2185 1338 14
2185 553 14
2233 2234 14
2233 1851 14
2237 2183 14
2237 2166 14
2239 184 2
2240 2241 2
2243 57 2
2245 1987 14
2246 2247 22
2246 2091 2
2249 223 2
2250 701 2
2168 2233 14
2253 2188 14
2253 2165 14
2201 2163 14
2201 2186 14
2256 2257 14
2258 2259 14
2260 2262 33
2263 2264 14
2263 2265 14
2266 2267 14
2155 2272 14
2155 1806 14
1602 2273 14
1602 1041 14
2164 2194 14
2164 2237 14
2164 2188 14
2275 2276 26
2275 2277 26
2278 2279 14
2187 2194 14
2187 2201 14
2280 2154 14
2281 2008 14
2281 2282 14
308 1929 14
308 1273 14
308 1455 14
2285 2184 14
2285 552 14
2193 2187 14
2193 2286 14
2288 2289 14
2288 2290 14
2295 2296 2
2298 139 2
2298 607 0
2299 2100 14
2300 2229 14
2300 552 14
2302 2303 14
2302 2304 14
2305 31 14
2305 2306 14
2307 2308 14
2309 2310 0
2309 2311 0
2312 2313 14
2314 2315 14
2314 2316 14
2314 2317 14
2318 2319 14
2318 2320 14
2321 2322 14
2321 2304 14
2322 2321 14
2322 2303 14
2303 2322 14
2303 2323 14
1486 1481 14
1486 1487 14
1486 2324 14
2325 2326 2
2325 644 2
2330 431 24
2332 184 2
2332 825 2
2334 797 33
2336 842 14
2336 2337 14
2336 849 14
2336 854 14
2341 202 2
2343 2344 0
2343 2345 0
2343 2346 0
2348 2349 2
2350 1806 14
259 253 14
259 265 14
259 268 14
259 1847 14
2351 1806 14
1852 2352 14
1852 2329 14
2353 2354 14
2353 2329 14
2355 508 14
2355 1852 14
510 2355 14
510 2356 14
2357 509 14
2357 2358 14
2359 1850 14
2360 2361 14
2360 2329 14
2354 2329 14
2356 508 14
2356 509 14
2362 1850 14
2286 2237 14
2286 2364 14
2365 510 14
2365 2356 14
2364 2183 14
2364 2286 14
2319 2338 14
2319 2367 14
1117 159 26
2368 755 14
2368 2369 14
2370 621 0
2370 1575 0
2374 2351 14
2374 2375 14
2377 2378 0
2380 2382 39
2380 2383 37
2384 2385 29
2387 57 2
2388 526 2
2389 2390 33
2393 2394 14
2393 2183 14
2395 526 2
2395 2396 0
2399 2400 0
2399 166 2
2404 184 2
2405 2406 23
2407 2408 34
2411 2412 24
2411 2413 22
619 2414 14
2415 2416 14
2415 2417 14
2418 2419 14
2418 2417 14
2420 2421 14
2423 1806 14
2179 2424 14
2179 2224 14
2234 2174 14
2188 2393 14
2188 2201 14
2427 2428 22
2429 1113 34
2431 2234 14
2431 2432 14
2433 2174 14
2435 2436 14
1191 1192 14
1191 1189 14
1190 2437 14
1190 2438 14
2439 2440 14
2439 2441 14
2439 2442 14
2443 2444 14
2443 2445 14
2443 2446 14
2447 2443 14
2447 2448 14
2449 2073 14
2449 2441 14
2074 2445 14
2074 2075 14
2442 2444 14
2442 2447 14
2442 2074 14
2451 2452 14
2451 2442 14
2453 2443 14
2453 2445 14
2446 2443 14
2446 2454 14
2446 2440 14
2445 2449 14
2445 2452 14
2445 2455 14
2454 2453 14
2454 2452 14
2452 2453 14
2452 2446 14
2452 2454 14
2455 2446 14
2455 2444 14
2440 2449 14
2440 2074 14
2440 2452 14
2448 2449 14
2448 2442 14
2448 2456 14
2441 2074 14
2441 2451 14
2460 2461 14
2462 2463 14
2462 2464 14
2465 2466 14
2465 2467 14
2464 2470 14
2267 2471 14
496 2471 14
496 1241 14
2472 2473 14
2467 2468 14
2474 2475 14
2476 2477 14
2478 2479 14
2480 2467 14
2470 2463 14
2481 2462 14
2481 2476 14
2482 2483 14
2484 2485 14
2486 2487 14
2489 607 0
2489 232 26
2489 2490 26
1857 2169 14
2491 47 2
2491 2493 22
2495 176 2
2495 2496 0
2495 485 26
2497 2194 14
1783 2501 14
1783 2502 14
2503 1783 14
2503 2504 14
2505 2506 14
2508 2509 14
2510 2505 14
2506 2509 14
714 740 14
714 736 14
714 727 14
714 722 14
714 743 14
737 724 14
737 730 14
737 717 14
737 719 14
743 717 14
743 738 14
743 736 14
2511 739 14
2511 707 14
2511 715 14
2511 727 14
2165 2201 14
2512 701 2
2513 2514 29
2516 2423 14
2394 2231 14
2394 2192 14
2517 2518 0
2519 2520 14
2521 1045 14
2521 2522 14
2523 2525 14
2526 2527 14
2526 2525 14
2528 2529 14
2528 761 14
2530 2300 14
2531 2528 14
2531 2532 14
1929 1920 14
1929 1925 14
1929 1759 14
1929 1259 14
1929 1455 14
2533 1856 14
2533 2149 14
2169 2174 14
2169 2170 14
2535 57 2
2535 2536 22
2537 2538 14
2539 2538 14
2540 2525 14
2540 2541 14
2532 2542 14
768 757 14
768 2543 14
2544 2546 14
2547 2548 22
2549 228 25
2551 199 33
2554 2555 39
2556 2558 14
2556 2559 14
2560 248 2
2561 2562 2
2564 1935 26
2564 2565 33
2566 2567 36
2568 2569 34
2568 2570 36
2568 2571 36
2568 199 33
2572 2573 2
2572 2574 2
2575 198 2
2576 2577 0
2578 2579 0
2578 228 25
2582 2584 22
2585 2428 22
2585 2586 0
2589 2326 2
2589 2590 0
2596 2598 22
2599 416 2
2600 2601 0
2600 2602 26
2600 164 26
2605 701 2
2606 2608 14
2611 2612 22
2613 2614 0
2613 1344 2
2615 468 2
2619 420 2
2620 2621 0
2624 526 2
2630 2631 0
2630 591 0
2630 2632 0
2633 167 2
2633 2634 2
2635 687 2
2638 2639 14
2640 2641 39
2643 115 2
2646 687 2
2646 785 2
2648 228 25
2651 2653 26
2651 2654 26
2651 228 25
2655 875 26
2657 2660 37
2662 2091 2
2667 684 2
2667 2671 33
2672 2674 14
2675 2677 14
2678 2679 14
2680 634 2
2681 2682 14
2683 629 2
2690 2691 39
2694 2417 14
2700 1104 2
2701 1219 2
2702 2296 2
2707 2143 2
2707 2328 14
2708 139 2
2708 145 2
2708 2490 26
2709 2710 14
2709 2711 14
2712 598 26
2712 485 26
2716 47 2
2716 208 25
2718 2720 14
2721 623 0
2723 2724 2
2723 228 25
2269 2725 14
2730 681 2
2731 639 2
2732 2143 2
2733 2734 14
1571 285 14
1571 1876 14
1571 1802 14
1571 1572 14
1571 1859 14
1326 2739 14
1326 2740 14
2742 2743 29
2742 2744 29
2745 1597 14
2745 2746 14
2747 2748 29
2747 2749 29
2750 630 34
2751 2752 14
2756 124 2
2756 2757 36
2762 2763 29
2768 2770 29
2771 123 2
2771 2772 2
2771 152 2
2774 701 2
2775 2776 36
2775 2777 36
2778 2779 29
2778 2770 29
2781 2783 0
2781 2784 14
2788 2789 0
2790 2091 2
2791 184 2
2791 2792 2
2791 973 45
2791 2793 34
2791 2794 34
2797 2799 14
2800 119 14
2800 2801 14
2800 553 14
2804 57 2
2804 184 2
2807 2808 29
2809 2810 34
2809 91 25
2811 2812 0
2813 1574 0
2815 2816 2
2817 2345 0
2817 2818 0
2819 232 26
553 117 14
2820 1554 14
2821 198 2
2821 2757 36
2824 1344 2
2826 2827 0
2828 2829 26
2834 2836 22
2837 313 2
2840 2841 14
2840 2842 14
2840 2843 14
2840 2844 14
2845 463 2
2847 2849 14
2847 2850 14
2847 2851 14
2847 2852 14
2853 2854 29
2858 57 2
2858 2859 14
2858 2860 14
2858 2861 14
2858 2849 14
2858 2852 14
2862 2863 14
2865 112 29
2866 2867 2
2868 561 26
2870 682 34
2871 2859 14
2871 2873 14
2871 2874 14
2875 544 26
2841 2877 14
2841 2878 14
2841 2879 14
2841 2847 14
2841 2858 14
2852 2841 14
2852 2843 14
2852 2858 14
2852 2879 14
2852 2871 14
2883 2884 26
2883 2885 24
2886 561 26
2886 2887 14
2891 2892 14
2893 184 2
2893 208 25
2895 202 2
2895 2896 0
2895 194 26
2895 2897 24
2899 57 2
2902 2091 2
2903 2904 14
2905 47 2
2905 2906 24
2907 2789 0
2908 194 26
2908 2913 25
2914 2916 0
2917 1705 26
2922 2924 0
2928 2929 14
2930 476 29
2933 2934 2
2937 2938 14
2939 2940 14
2942 2943 14
2944 2942 14
2945 2929 14
2946 561 26
2946 544 26
2947 2129 14
2947 2943 14
2948 57 2
2949 2940 14
2950 2951 26
2953 2954 14
2955 2956 25
2957 2958 2
2954 2941 14
2929 2941 14
2960 2961 2
2962 208 25
2966 2967 2
2968 2949 14
2968 2943 14
2969 2296 2
2972 2973 0
2972 2974 0
2972 2975 37
2976 2977 34
2978 2979 0
2978 2099 0
2978 2980 0
2984 2985 0
2932 2938 14
2986 1122 2
2986 139 2
2986 2086 0
2988 826 2
2988 2989 26
2938 2990 14
2990 2953 14
2990 2938 14
2997 2998 29
2940 2968 14
2999 3000 26
3002 529 2
3002 3003 34
3006 561 26
3007 3008 2
3007 202 2
3009 3010 26
3012 629 2
3013 3014 22
3013 14 0
3016 57 2
3017 3019 29
3020 3021 22
3025 636 2
3026 3027 26
3026 3028 34
3032 3033 2
3037 3039 22
3040 3041 2
3042 3043 22
3042 1854 22
3047 202 2
3050 1686 29
3051 313 2
3052 526 2
3054 3055 39
3054 3056 0
3057 3058 22
3057 3059 26
3062 3063 26
3062 3064 24
3065 3067 14
3068 3069 0
3068 485 26
3070 3071 14
3072 3073 39
3074 3075 39
3077 3078 39
3079 701 2
3079 3081 29
3082 3083 2
3082 3084 24
3085 3086 0
3085 3087 0
3085 3088 26
3090 3092 14
3093 2555 39
3094 2860 14
3094 3095 14
3094 3096 14
3094 2840 14
3094 2844 14
3097 3100 14
3097 3101 14
3108 3109 0
3110 2408 34
3112 1686 29
3113 3114 14
3117 3118 29
3119 3120 2
3119 1700 2
3119 3121 22
3124 529 2
3124 3125 23
3124 3126 23
3127 3128 22
3129 3130 22
3131 57 2
3131 199 33
3132 3133 0
3132 3134 0
3135 3136 39
3138 3139 29
3140 113 29
3142 3143 14
3144 3145 0
3144 3146 0
3144 57 2
3147 3148 22
3147 3149 0
3150 184 2
3154 3155 2
3156 2501 14
3157 3158 14
3157 3159 14
3160 2550 33
3161 152 2
2887 160 0
3171 3172 25
3174 3176 25
3177 3139 29
3178 3179 26
3183 3184 24
3183 3185 24
3186 3188 14
3198 167 2
3200 3201 0
3200 2896 0
3200 3202 0
3203 2812 0
3203 2378 0
3203 2974 0
3204 3206 45
3209 644 2
3211 3212 39
3211 3214 26
3215 3216 0
3215 469 2
3215 232 26
3217 3220 24
3221 159 26
3223 2428 22
3224 825 2
3224 2082 2
3224 3225 25
3226 3155 2
3229 91 25
3236 3237 2
3236 248 2
3238 115 2
3241 196 25
3244 3245 2
3246 3248 0
3246 487 0
3246 3249 0
3250 184 2
3254 2913 25
3256 785 2
3256 3257 2
3258 3259 26
3258 3260 22
3261 2326 2
3261 1569 45
3261 671 33
3261 1229 34
3263 115 2
3263 1219 2
3263 3264 0
3263 3265 0
3263 3266 33
3269 3270 0
3271 208 25
3271 3273 24
3279 1141 14
3279 3280 14
3281 3283 14
3284 3285 14
3289 3290 23
3291 202 2
3292 3293 0
3292 198 2
3294 644 2
3296 792 2
3296 2027 2
3296 3297 0
3296 140 26
3299 3300 2
3301 3302 0
3301 3303 0
3306 3308 36
3309 2789 0
3311 3312 29
3314 561 26
3321 2289 14
3323 2357 14
3323 2359 14
3324 3325 0
3326 3302 0
3326 3327 0
3329 2383 37
3333 2091 2
3333 2082 2
3334 3335 0
3337 901 39
3337 3338 22
3341 3342 2
3343 1168 26
3343 196 25
3344 3346 14
3347 3348 0
3347 57 2
3351 1854 24
3364 3365 2
3364 1569 45
3367 516 2
3367 3369 39
3372 3374 0
3377 17 2
3377 3379 34
3380 242 2
3380 965 2
3380 3381 26
3382 3383 14
3384 2724 2
3384 3385 24
3386 3383 14
3387 3388 34
3389 3390 14
3392 3393 0
3392 228 25
3392 208 25
3395 3179 26
3395 2084 24
3395 906 39
3398 516 2
3398 629 2
3399 57 2
3401 1854 22
3402 3403 26
3402 3404 37
3405 3406 22
3405 3407 39
3405 906 39
3405 57 2
3408 3409 2
245 3410 2
3412 3413 22
3416 678 14
3417 57 2
3418 184 2
3418 3420 2
3418 1124 33
3424 3308 36
3425 3426 29
3427 2816 2
3429 3432 24
3433 3410 2
3433 614 2
131 3443 14
131 3444 14
3445 454 0
3445 516 2
3448 2691 39
3448 933 22
3450 3451 0
3450 3452 22
3450 57 2
3453 198 2
3453 965 2
3454 814 2
3454 3455 0
3458 821 0
3458 3459 0
3458 622 0
3460 821 0
3460 2783 0
3460 3462 14
3463 2896 0
3463 2428 22
3464 821 0
3464 3466 0
3464 516 2
3467 3468 14
3467 3469 14
3476 3300 2
3483 208 25
3487 463 2
3488 1021 0
3488 228 25
3492 91 25
3494 3495 37
3498 3499 34
3498 3500 34
3498 2571 36
3503 3505 14
3508 3509 14
3510 3511 14
3510 3512 14
3513 2973 0
3513 208 25
3513 3515 25
3516 3517 24
3516 3518 23
3516 3519 25
3520 212 2
3522 3525 0
3522 3526 0
3528 3530 45
3528 3531 23
3534 228 25
3534 3535 22
3536 1727 2
3538 3540 14
3541 3542 14
3541 3543 14
3232 3546 14
3232 3547 14
3232 3548 2
3549 821 0
3549 3551 14
3549 3552 14
3549 3553 14
3549 3554 14
3555 3556 22
3557 3558 0
3557 3559 0
3557 454 0
3557 3455 0
3563 3564 29
3565 463 2
3569 3570 24
3569 91 25
3571 3573 0
3576 814 2
3578 3579 24
55 1591 14
3584 3585 39
3586 199 33
3587 988 22
3587 3109 0
3590 485 26
3590 3591 34
3594 3595 34
3594 3596 14
3594 3597 14
3603 2019 22
3604 184 2
3606 3607 29
3610 3611 34
3610 3612 34
3613 228 25
3615 91 25
3620 3621 0
3620 3622 22
3623 3624 0
3625 184 2
3625 3626 22
3627 2641 39
3628 561 26
3628 3629 26
3628 1575 0
3628 3630 0
3628 3327 0
3631 184 2
3632 3634 2
3632 57 2
3635 469 2
3635 3636 26
3637 2326 2
3637 529 2
3638 3639 26
3641 3642 25
3643 3644 2
3645 595 34
3645 3559 0
3647 3648 14
3647 3649 14
3650 3651 34
3652 3653 0
3652 228 25
3656 3515 25
3656 3172 25
3657 468 2
3660 3661 41
3662 2143 2
3663 1569 45
3664 3665 0
3664 2924 0
3664 57 2
3664 228 25
3664 3666 37
3667 2027 2
3672 57 2
3676 3677 0
3676 1197 0
3680 701 2
3680 3681 29
3682 3683 22
3682 2247 22
3684 814 2
3684 3686 2
3684 3687 0
3689 3690 24
3689 469 2
3689 139 2
3695 3696 14
3697 3698 0
3702 17 2
3704 3706 0
3708 1593 14
3708 1601 14
3708 1595 14
3709 3710 14
3714 3665 0
3715 941 0
3715 3716 22
2176 2234 14
2176 1857 14
2432 2170 14
3717 152 2
3717 198 2
3718 621 0
3718 2812 0
3719 47 2
3720 3721 29
3725 3064 22
3725 3130 22
3731 3732 14
3733 3734 14
3735 825 2
3735 115 2
3737 3738 2
2194 2231 14
2194 2165 14
2194 2181 14
3743 629 2
3743 3744 39
3746 2724 2
3746 3000 26
3747 3748 0
3749 598 26
3752 160 0
3754 941 0
3754 3755 23
3758 3759 29
3760 3761 0
3762 3763 0
3767 1686 29
3768 248 2
3773 639 2
3775 3776 14
3775 3777 14
3778 3779 14
3776 1386 14
3786 3788 0
3789 3790 24
3792 3738 2
3793 2247 22
3794 2934 2
3794 3795 0
3794 879 33
3797 3798 14
3801 3797 14
3802 3803 14
3804 3805 14
3806 3807 14
3806 783 14
3798 3803 14
3809 3807 14
3810 3811 23
3810 3812 23
3811 681 45
3817 2816 2
3818 184 2
3819 3820 2
3821 123 2
3822 561 26
3822 3622 24
3826 3827 2
3826 184 2
3828 701 2
3829 3830 0
3829 3832 33
3833 1531 14
3833 340 14
3833 1950 14
1946 1949 14
340 337 14
340 335 14
340 1538 14
338 340 14
338 339 14
338 341 14
409 1939 14
409 1941 14
3836 3837 2
3840 3842 2
3843 3844 22
3843 3845 23
3843 3846 33
3843 3847 33
2070 3849 0
2070 2146 14
3851 152 2
3851 1219 2
3857 701 2
3858 965 2
3858 3519 25
3865 3866 2
3865 3867 25
3868 2631 0
3868 3869 0
3868 2099 0
3871 3872 0
3871 2783 0
3873 518 0
3873 3876 0
3880 3665 0
3880 228 25
3882 814 2
3889 526 2
3890 57 2
3894 1104 2
3894 544 26
3895 246 23
3895 3896 23
3897 1569 45
3899 3900 14
3907 701 2
3912 608 2
3912 3913 39
3915 2190 22
3916 2400 0
3922 3923 39
3927 526 2
3928 87 2
3928 202 2
3928 2490 26
3929 3930 2
3935 2812 0
3941 3942 24
3943 941 0
3944 561 26
3944 57 2
3945 160 0
3945 3946 0
3947 1152 26
3947 3948 0
3949 3950 2
3951 814 2
3956 57 2
3957 57 2
3959 2311 0
3959 57 2
3961 3962 0
3964 3965 39
3964 57 2
3964 3966 2
3967 3968 24
3969 3970 41
3971 3972 33
3971 485 26
3973 3626 24
3974 3975 2
3976 57 2
3977 3979 26
3980 3410 2
3981 526 2
3982 439 2
3983 57 2
3983 3984 26
3985 3312 29
3986 3987 22
3990 3991 14
3990 3992 14
3995 57 2
3995 3996 14
3999 4000 0
3999 4001 0
4005 4006 29
4009 2827 0
4009 3872 0
4009 208 25
4011 639 2
4011 202 2
4014 4015 26
4022 4023 2
4024 4025 2
4026 972 36
4026 973 45
4027 4029 0
4030 3212 39
4030 3642 25
4031 607 0
4031 273 0
4032 4034 22
4032 4035 39
4036 184 2
4036 4037 14
4039 136 2
4045 4046 2
4048 184 2
4050 228 25
4050 4051 22
4052 147 0
4054 2091 2
4059 228 25
4060 614 2
4060 4061 24
4062 3642 25
4062 4063 39
4065 202 2
4065 787 2
4067 4068 22
4070 526 2
3125 4072 36
4076 4078 39
4079 463 2
4082 202 2
4083 4084 14
4086 4087 24
4090 3946 0
4091 4092 0
4091 232 26
4091 4093 2
421 160 0
4098 4099 2
4100 159 26
4102 684 2
4102 941 0
4104 4105 14
4108 2812 0
4108 4109 37
4113 196 25
4113 4114 0
4116 4117 0
4122 4123 0
4122 4124 0
4125 4126 2
4127 4129 22
4132 701 2
4133 526 2
4134 4135 26
4136 1780 29
4138 4139 29
4142 2653 26
4142 4143 26
4147 3302 0
4147 516 2
4151 526 2
4152 129 2
4152 614 2
4152 4143 26
4153 4154 26
4153 785 2
4153 4155 2
4156 826 2
4157 4160 24
4161 1021 0
4167 516 2
4169 159 26
4169 3626 22
4169 4170 22
4174 3869 0
4174 3987 24
4175 485 26
4176 4177 0
4178 196 25
4178 3979 26
4178 4179 26
4182 4183 14
4184 4185 14
4186 166 2
4190 167 2
4191 228 25
4192 607 0
4192 4193 0
4192 4194 0
4192 4195 22
4196 4197 14
4196 4198 14
4199 2989 26
4200 4201 22
4202 4203 29
4204 701 2
4205 526 2
4207 4209 0
4210 4211 26
4210 4212 26
4215 543 26
4215 4216 22
4217 4218 22
4217 792 2
4219 4220 2
4223 3622 22
4223 4224 22
4225 4226 34
4225 4227 26
4228 607 0
4228 2344 0
4230 4231 29
4235 57 2
4235 4211 26
4236 152 2
4236 189 2
4239 57 2
4240 623 0
4240 4241 0
4243 4244 14
4245 4001 0
4245 4246 22
4249 543 26
4250 4251 22
4252 814 2
4252 2584 24
4253 814 2
4253 3410 2
4253 4254 14
4253 4255 23
4259 1657 26
4260 4114 0
4263 607 0
4263 2985 0
4264 228 25
4266 3665 0
4270 941 0
4270 2989 26
4271 57 2
4271 3409 2
4272 3683 22
4274 3869 0
4274 57 2
4277 4278 34
4279 516 2
4280 232 26
4280 4281 22
4282 57 2
4284 4285 23
4284 4286 34
4287 4288 22
4289 87 2
4293 4294 23
4295 4298 0
4299 785 2
4309 166 2
4310 644 2
4312 4314 14
4322 189 2
4323 4324 33
4327 4328 29
4329 184 2
4330 4331 14
4334 4335 25
4337 1349 14
4341 273 0
4341 57 2
4343 4344 39
4346 4347 14
4348 3069 0
4348 4349 2
4350 4351 39
4354 4355 14
2255 4358 14
4359 1219 2
4359 4360 22
4359 901 39
4362 4363 39
4364 3564 29
4365 4367 0
4369 4370 2
4369 4371 26
4373 468 2
4373 598 26
4373 196 25
4374 701 2
4375 4376 22
4378 608 2
4382 57 2
4386 4387 36
4388 4389 2
4395 3872 0
4395 2378 0
4395 4396 0
4400 4401 22
4400 4402 2
4405 4406 39
4407 4408 24
4410 2378 0
4412 4413 0
4414 529 2
4414 672 34
4415 4416 14
4417 4418 33
4419 184 2
4421 4422 2
4425 438 2
4425 1229 34
4429 4430 14
4429 4431 14
4432 516 2
4432 273 0
4434 644 2
4436 4437 22
4436 4438 22
4439 4440 2
4442 4444 14
4447 4448 14
4449 3302 0
4450 4451 0
4450 4452 0
4453 645 2
4455 4457 37
4458 4459 0
4460 4462 14
4463 2190 22
4466 4467 22
4466 2091 2
4468 2378 0
4469 4470 14
4469 4471 14
4472 47 2
4473 4474 22
4481 4482 2
4485 4486 29
4487 468 2
4488 57 2
4488 814 2
4488 4489 0
4501 4502 2
4501 160 0
4503 184 2
4503 1727 2
4514 4515 25
4514 4516 2
4518 167 2
4520 4521 29
4525 595 34
4526 2812 0
4527 4529 2
4531 426 29
4533 4534 26
4533 4535 14
4538 3081 29
4539 4540 0
4541 208 25
4542 115 2
4547 4548 22
4550 4551 39
4552 4553 22
4557 4558 14
4559 4560 14
4559 4561 14
4564 4565 0
4564 4566 0
4567 4568 2
4570 3642 25
4572 4402 2
4572 4573 22
4574 4402 2
4580 145 2
4580 3867 25
4581 4582 26
4583 4584 0
4589 4590 39
4589 821 0
2057 821 0
2057 2046 14
2057 2055 14
4591 4592 0
4591 4593 22
4594 4596 14
4594 4597 14
4599 2789 0
4599 1104 2
4599 2490 26
4601 4459 0
4603 4604 2
4605 4606 2
4607 4194 0
4608 1575 0
4608 212 2
4608 4609 14
4612 4613 14
4612 4614 14
4615 4616 0
4615 4617 0
4618 4619 0
4618 4620 2
4621 136 2
4621 228 25
4625 4626 0
4625 4627 0
4625 590 0
4628 4629 0
4628 1219 2
4628 4630 26
4631 4633 26
4631 4634 26
4635 4636 0
4635 582 0
4637 3869 0
4637 228 25
4638 212 2
4639 4640 22
4639 4641 26
4642 4643 14
4645 821 0
4647 3677 0
4647 3216 0
4647 4616 0
4648 3544 14
4649 4650 39
4651 4565 0
4652 4226 34
4653 4654 0
4653 228 25
4659 4661 14
4665 4619 0
4665 4666 0
4667 4668 29
4669 4670 33
4671 1835 0
4671 14 0
4671 3302 0
4672 4674 39
4672 4676 14
4678 4680 37
4681 228 25
4682 4126 2
4684 1677 2
4687 47 2
2051 2226 14
4690 57 2
4690 4691 26
4692 544 26
4692 194 26
4692 159 26
4693 4694 14
4695 4489 0
4695 4001 0
4702 4703 14
4702 4704 14
4705 645 2
4705 91 25
4706 2383 0
4706 4707 0
4704 4709 26
4711 115 2
4717 4718 0
4717 184 2
4717 879 33
4717 4719 24
4720 4721 0
4720 4722 37
4726 825 2
4728 4729 0
4728 4730 24
4731 644 2
4731 3595 34
4694 1690 0
4732 4733 2
4732 434 22
4732 4734 0
4735 4298 0
4735 898 22
4737 2827 0
4742 701 2
4743 3923 39
4748 2789 0
4748 4749 2
4748 639 2
4750 4751 0
4750 4752 0
4750 4753 0
4756 3899 14
4761 194 26
4764 644 2
4764 210 2
4764 4143 26
4765 4766 0
4765 4767 0
4765 2408 34
4768 4770 14
4779 4781 14
4788 4789 36
4788 3308 36
4791 4459 0
4795 825 2
4795 87 2
4796 639 2
4796 3987 22
4783 3526 0
4798 1104 2
4798 4799 24
4800 57 2
4801 2985 0
4801 3088 26
4802 4459 0
4805 792 2
4805 4806 2
4807 973 45
4809 47 2
4809 879 33
4809 199 33
4811 47 2
4811 3946 0
4813 4814 39
4813 454 0
4819 4820 22
4821 4822 0
4821 4298 0
4823 2975 37
4824 4489 0
4824 4825 0
4824 945 0
4824 2408 34
4827 228 25
4829 57 2
4829 4831 14
4832 208 25
4836 228 25
4837 115 2
4839 4840 26
4839 1104 2
4841 501 2
4841 144 33
4844 561 26
4844 4847 0
4850 4851 0
4853 4854 2
4853 228 25
4855 3535 22
4855 57 2
4856 4857 0
4856 4092 0
4856 4154 26
4856 4858 34
4856 4859 34
4860 184 2
4860 516 2
4861 4863 2
4864 167 2
4864 184 2
4865 4866 0
4868 4870 0
4871 4872 22
4871 4873 37
4874 516 2
4874 228 25
4875 57 2
4875 4876 14
4877 4879 2
4877 4880 0
4881 202 2
4881 787 2
4882 4109 37
4882 228 25
4885 4886 39
4885 4887 24
4888 529 2
4888 4889 2
4891 4892 25
4895 4897 0
4895 3459 0
4614 4899 39
4900 785 2
4900 4901 0
4900 4902 0
4903 4905 33
4911 701 2
4912 3019 29
4914 91 25
4736 3249 0
4922 4923 2
4922 145 2
4703 4926 2
4928 942 0
4928 184 2
4928 189 2
4932 1702 0
4933 3519 25
4938 123 2
4939 4940 14
4943 4940 14
4944 4940 14
4944 4945 14
4946 4947 14
4946 4939 14
4948 4941 14
4948 4949 14
4945 4940 14
4945 4946 14
4949 4950 14
4949 4937 14
4951 4952 14
4951 4950 14
4936 4944 14
4950 4947 14
4952 4943 14
4952 4937 14
4947 4941 14
4953 4946 14
4953 4937 14
4937 4953 14
4937 4936 14
4940 4944 14
4954 4955 0
4954 4956 0
4957 4958 14
4957 4775 14
4959 4960 14
4961 684 2
4962 17 2
4964 3410 2
4966 4216 22
4966 3519 25
4969 4970 0
4969 4971 37
4972 4974 0
4972 184 2
4972 57 2
4975 4451 0
4975 2621 0
4976 139 2
4976 468 2
4976 3212 39
4977 1705 26
4977 3041 2
4978 4979 14
4981 4982 2
4981 3636 26
4985 139 2
4985 3063 26
4986 4987 0
4989 468 2
4989 4991 22
4992 4993 24
4478 4477 14
4478 4995 14
4997 918 2
5001 639 2
5006 3249 0
5010 906 39
5011 1021 0
5011 1686 29
5012 5013 0
5012 645 2
5012 5014 26
5012 5016 22
5017 228 25
5017 5018 37
5019 5020 0
5019 3559 0
5029 2378 0
5029 5030 14
5031 593 2
5032 463 2
5033 544 26
5035 814 2
5036 4226 34
5036 228 25
5036 901 39
5037 608 2
5040 5041 22
5042 243 22
5042 2691 39
5043 485 26
5043 160 0
5044 684 2
5045 1200 37
5050 5051 2
5050 5052 22
5053 3495 37
5056 463 2
5058 57 2
5058 621 0
5059 5060 26
5059 416 2
5064 5065 2
5064 5066 25
5071 4459 0
5075 3962 0
5077 4991 22
5078 2084 22
5078 821 0
5079 2724 2
5081 2567 36
5086 644 2
5087 202 2
5087 561 26
5087 3212 39
5091 3302 0
5091 5092 0
5093 5095 29
5096 5097 14
5096 5098 14
5100 57 2
5100 5101 14
5102 5103 14
5104 5105 29
5106 642 2
5109 73 39
5110 228 25
5112 57 2
5113 210 2
5113 5114 26
5113 485 26
5115 701 2
5116 4634 26
5117 5118 2
5120 785 2
5120 687 2
5122 485 26
5122 5123 26
5125 202 2
5126 184 2
5128 2641 2
5129 5130 2
5129 454 0
5129 228 25
5131 5132 2
5131 5133 2
5131 3930 2
5131 5134 26
5137 91 25
5138 4117 0
5138 485 26
5140 57 2
5140 614 2
5140 821 0
5141 701 2
5144 3302 0
5146 821 0
5146 621 0
5146 3249 0
5146 4970 0
5148 91 25
5150 5152 25
5154 3409 2
5155 3410 2
5159 3302 0
5160 3121 22
5160 5161 14
5162 5164 0
5162 5165 39
5169 167 2
5171 5172 2
5175 1113 34
5175 5176 34
5177 5178 33
5177 5152 25
5179 2030 0
5181 5182 22
5181 57 2
5183 1104 2
5183 561 26
5184 5185 2
5184 202 2
5190 228 25
5191 5192 14
5193 5194 14
5193 4460 14
5197 642 2
5197 561 26
5198 5199 26
5200 5201 2
5200 485 26
5202 2408 34
5203 4109 37
5203 5205 14
5207 5208 25
5209 4709 26
5209 2314 14
5213 5214 14
5219 5222 14
5223 2190 24
5224 3639 26
5226 2789 0
5226 485 26
5227 184 2
5230 814 2
5231 5232 39
5231 5233 26
5234 2567 36
5235 2383 0
5235 2378 0
5235 57 2
5236 3987 22
5236 3869 0
5237 416 2
5237 2296 2
5237 228 25
5238 1104 2
5238 543 26
5238 485 26
5239 950 26
5240 3069 0
5240 208 25
5241 139 2
5241 159 26
5243 194 26
5243 5244 0
5245 5246 24
5247 139 2
5247 598 26
5247 5248 26
5249 5250 14
5249 5251 14
5253 5254 2
5255 825 2
5255 5256 34
5257 608 2
5257 232 26
5258 2190 22
5260 202 2
5261 228 25
5261 988 24
5262 418 2
5262 5263 2
5262 229 33
5262 5264 33
5268 198 2
5273 942 0
5273 184 2
5277 998 0
5277 196 25
5278 5279 14
5280 614 2
5280 5281 0
5280 3027 26
5282 3987 22
5282 1854 24
5283 485 26
5285 644 2
5287 597 2
5287 561 26
5287 232 26
5288 529 2
5288 152 2
5289 5290 0
5289 608 2
5291 2383 0
5291 228 25
5292 5293 0
5292 2344 0
5292 5294 0
5296 70 0
5305 4565 0
5305 4566 0
5306 598 26
5308 202 2
5308 3385 24
5309 516 2
2410 5312 14
2410 5313 14
5314 2979 0
5314 3677 0
5314 3109 0
5314 5315 0
5317 5318 14
5319 5320 14
5319 5321 14
5322 5323 0
5322 3083 2
4738 821 0
4673 5326 14
5327 4459 0
5327 2378 0
5327 5329 0
727 737 14
727 713 14
727 734 14
5333 485 26
5334 208 25
5334 5335 22
5337 14 0
5337 2827 0
5337 1168 26
5340 5341 39
5343 4734 0
5343 2586 0
5343 5344 0
5343 3133 0
5345 57 2
5345 3056 0
5345 215 0
5345 4540 0
5345 4825 0
5347 57 2
5348 5349 0
5352 57 2
5352 2241 2
5353 5354 26
5356 644 2
5357 4015 26
5357 5354 26
5359 4251 22
5360 5361 0
5360 4286 34
5362 3232 14
5362 5363 14
5364 4804 14
5365 3975 2
5367 2409 14
5368 5152 25
5369 5370 14
5371 5372 14
5371 4594 14
5373 4638 14
5374 5376 14
4646 5380 2
5381 2095 2
5381 608 2
5386 57 2
5387 2048 2
5387 5388 14
5389 5390 2
5391 5392 0
5393 5394 39
5395 189 2
5396 1153 0
5396 5397 0
5396 5398 2
5402 3406 22
5403 140 26
5405 5406 22
5407 5185 2
5407 5408 22
5409 2789 0
5409 5185 2
5410 145 2
5410 941 0
5411 2276 26
5411 4630 26
5411 5413 14
1670 5416 0
5417 3410 2
5418 5420 0
5421 2691 39
5421 3083 2
5423 3519 25
5424 5425 22
5427 5430 23
5431 167 2
5432 543 26
5432 5433 26
5432 5434 26
5432 3212 39
5435 5436 80
4661 5438 14
4661 5439 14
4661 5440 14
5441 529 2
5442 57 2
5444 5445 26
5447 416 2
5447 5065 2
5447 194 26
5448 642 2
5450 5451 26
5452 115 2
5452 787 2
5452 5453 0
5452 5092 0
5454 4459 0
5454 2378 0
5455 5456 0
5455 5457 22
5458 485 26
5458 3622 24
5462 202 2
5462 163 24
5463 208 25
5464 57 2
5464 196 25
5464 5465 26
5466 194 26
5466 3535 22
5467 1702 0
5470 159 26
5476 5477 14
5476 5478 39
5479 5480 14
5479 5481 14
5479 5482 14
5483 1230 45
5483 3308 36
5372 4597 14
5486 5487 36
5488 2916 0
5488 5489 37
5492 687 2
5492 4422 2
5493 3410 2
5494 5495 14
5496 4863 2
5498 3642 25
5499 2241 2
5499 4227 26
5500 4766 0
5500 485 26
5501 3410 2
5501 2027 2
5501 5502 22
5503 4846 14
5503 4926 2
5504 2544 14
5506 5508 0
5509 3312 29
5513 4700 14
5523 2116 2
5523 5152 25
5525 5527 14
5530 4766 0
5530 5531 0
5532 1168 26
5532 3069 0
5534 2148 14
5534 1856 14
5536 5537 14
5539 208 25
5544 166 2
5544 5545 2
5546 91 25
5549 1835 0
5549 454 0
5549 5550 0
5553 1569 45
5554 529 2
5554 5555 2
5554 2793 34
5556 5557 2
5559 5560 14
5559 3544 14
5561 5562 0
5564 3827 2
5566 5568 0
5566 5569 0
5570 208 25
5571 3302 0
5571 3374 0
5571 516 2
5572 4606 2
5572 184 2
5573 2383 0
5573 516 2
3098 5579 14
3098 3489 14
5580 821 0
1498 1753 14
1498 1827 14
1498 1480 14
1498 1488 14
5581 593 2
5581 529 2
1586 1180 14
1586 5582 14
5582 5583 14
5582 1182 14
2313 5585 14
5586 5587 14
2529 2540 14
5588 2586 0
5591 2541 14
5591 5592 14
5593 5595 14
5596 13 14
5596 4457 37
5597 529 2
5597 17 2
5598 5594 14
5599 2036 14
5600 5601 14
5600 5602 14
1916 5603 14
1916 1912 14
754 5607 14
754 2009 14
5608 4193 0
5608 615 0
1766 5600 14
5609 5595 14
5609 1766 14
5610 1809 14
5610 5611 14
1607 1580 14
1607 330 14
1607 289 14
1607 1579 14
1607 1792 14
5612 4521 29
1998 5613 14
1998 5614 14
1617 1791 14
1617 1305 14
1617 1622 14
1617 1308 14
1617 1623 14
1617 1616 14
1617 1289 14
1617 1290 14
5615 5616 14
5615 5599 14
1562 1284 14
1562 1299 14
1562 1621 14
1562 1624 14
1562 5617 14
1562 1822 14
1562 1306 14
1846 253 14
1846 258 14
1846 1845 14
1846 262 14
1011 1034 14
1011 5618 14
5613 5619 14
5613 1768 14
5613 1336 14
719 733 14
719 715 14
719 735 14
719 737 14
719 722 14
5616 5620 14
5616 1535 14
5621 5601 14
5621 1475 14
5622 5623 2
1323 1322 14
1323 5624 14
5625 5626 14
5625 5627 14
5629 5630 14
5629 5631 14
1519 1334 14
1519 1517 14
1519 1336 14
5637 1637 14
5637 5638 14
1431 1464 14
5639 2000 14
5603 5640 14
5603 1918 14
1645 1546 14
2213 5641 14
2213 2215 14
1803 1667 14
1803 1879 14
5642 1636 14
5620 5643 14
5644 744 14
5595 5601 14
5595 1809 14
5645 5646 14
5645 5647 14
5645 5648 14
5651 5652 22
5651 4889 2
5653 5654 14
5656 5657 14
5656 2199 14
5658 2827 0
2739 2740 14
2739 1323 14
5659 1191 14
5659 2214 14
5659 1189 14
5660 5661 14
5660 5662 14
5663 5664 14
5665 485 26
5665 228 25
5666 5667 0
5666 1175 22
5668 202 2
1535 5669 14
1535 5615 14
5630 5670 14
5630 5671 14
5630 1189 14
1926 1682 14
1926 1454 14
1926 309 14
1926 1931 14
1926 1758 14
1859 1468 14
1859 1515 14
1859 1802 14
1859 1803 14
1859 1660 14
5672 1635 14
5672 5642 14
1625 1754 14
1625 1309 14
1625 1786 14
1625 1614 14
1625 5673 14
1625 1525 14
1625 1798 14
1625 1565 14
5674 5675 24
5674 561 26
1532 378 14
1532 388 14
303 302 14
1608 1454 14
1608 1683 14
1608 1609 14
1608 1259 14
5678 1635 14
5678 1633 14
5669 5599 14
5669 5604 14
5679 687 2
5679 202 2
4769 212 2
4769 166 2
5684 3176 25
5690 5691 0
5690 4367 0
5692 5133 2
5693 3409 2
5693 482 0
5695 145 2
5695 2490 26
5710 5711 37
5710 5712 37
5715 91 25
5716 91 25
5719 4344 39
5721 5722 26
5721 2190 24
5721 5723 0
5724 814 2
5726 4875 14
5728 821 0
5728 4974 0
5735 2408 34
5736 3410 2
5740 3952 33
5741 2408 34
5742 5744 0
5742 3573 0
5747 529 2
5750 2896 0
5751 5752 41
5754 440 0
5755 5756 26
5760 5761 33
5762 4638 14
5763 202 2
5766 2044 33
5769 5770 34
5769 3069 0
5771 5772 2
5773 5774 41
5773 5775 41
5780 184 2
5780 5434 26
5791 5792 23
5793 3237 2
5800 4227 26
5802 57 2
5802 821 0
5802 3212 39
5804 167 2
5804 5805 22
5809 5810 25
5811 5812 14
5812 5504 14
5812 906 39
4846 482 0
5818 4126 2
5822 560 2
5822 160 0
5823 701 2
5825 4251 24
5825 5826 24
5825 4719 24
5827 5828 26
5827 3979 26
5829 196 25
5832 1517 14
5832 1519 14
5833 171 14
5834 5835 14
5834 1437 14
1192 5836 14
1192 1191 14
1192 5630 14
5837 5838 14
5837 5839 14
1285 1796 14
1285 1308 14
1285 1290 14
1285 1315 14
1285 1286 14
1285 1755 14
1285 1305 14
1797 1308 14
1797 1561 14
1797 1624 14
1797 1304 14
1797 5840 14
1797 1617 14
1797 1527 14
1797 1287 14
5841 1436 14
5841 5842 14
5614 5843 14
5614 1999 14
5844 1519 14
5844 5845 14
1520 1997 14
1520 5846 14
1520 1998 14
1300 1738 14
1300 1309 14
1300 1310 14
1300 1807 14
1300 1312 14
1300 1303 14
1300 1793 14
1300 1306 14
5847 5620 14
5847 5643 14
1313 1524 14
1313 1754 14
1313 1807 14
1313 1786 14
1313 1623 14
1313 5617 14
1313 1303 14
1313 1617 14
1313 1527 14
1526 1796 14
1526 1521 14
1526 1624 14
1526 1616 14
1526 1528 14
1526 1798 14
1526 1564 14
1526 1739 14
5848 2539 14
5848 5591 14
5849 5850 14
5849 5851 14
1314 1625 14
1314 1787 14
1314 1527 14
1314 1795 14
1314 1791 14
1314 1796 14
1314 1521 14
1314 1303 14
1563 1794 14
1563 1308 14
1563 1521 14
1563 1786 14
1563 1615 14
1563 1312 14
1563 5852 14
1563 1523 14
1563 1303 14
5835 5842 14
5835 1437 14
5853 5854 14
5853 5855 14
1315 1299 14
1315 1561 14
1315 1524 14
1315 1754 14
1315 1786 14
1315 1525 14
1315 1787 14
1315 1527 14
1787 1299 14
1787 1290 14
1787 1521 14
1787 1738 14
1787 1754 14
1787 1786 14
1787 1525 14
1527 1290 14
1527 1291 14
1527 1622 14
1527 1797 14
1527 1526 14
1527 1286 14
1527 1794 14
1527 1306 14
5857 5841 14
5838 5858 14
1528 5852 14
1528 1523 14
1528 1797 14
1528 1526 14
1528 1787 14
1528 1755 14
1528 1739 14
1528 1791 14
1528 1305 14
5859 5849 14
5859 5838 14
1301 1796 14
1301 1754 14
1301 1309 14
1301 5840 14
1301 1797 14
1301 1564 14
1301 1305 14
1301 1306 14
1798 1284 14
1798 1290 14
1798 1624 14
1798 1807 14
1798 1523 14
1798 1526 14
1798 1527 14
1798 1528 14
5860 5861 14
5860 5845 14
1564 1284 14
1564 1290 14
1564 1521 14
1564 1614 14
1564 1617 14
1564 1626 14
1564 1795 14
1564 1739 14
1564 1791 14
1286 1621 14
1286 1754 14
1286 1309 14
1286 5673 14
1286 5852 14
1286 1625 14
1286 1791 14
1286 1305 14
1286 1306 14
5862 1624 14
5862 1623 14
5862 1614 14
5862 1615 14
5862 1302 14
5862 1303 14
5862 1562 14
5862 1625 14
5862 1313 14
5850 5841 14
1755 1290 14
1755 1621 14
1755 1309 14
1755 1525 14
1755 1300 14
1755 1787 14
1755 1528 14
1755 1798 14
1755 1791 14
5842 5849 14
5842 5850 14
1756 1299 14
1756 1561 14
1756 1621 14
1756 1312 14
1756 1794 14
1756 1791 14
1756 1306 14
5863 5851 14
5863 1437 14
1565 1308 14
1565 1738 14
1565 1310 14
1565 1616 14
1565 1523 14
1565 1313 14
1565 1793 14
1565 1306 14
1999 5619 14
1999 5845 14
5671 5864 14
5671 5865 14
1287 1613 14
1287 1524 14
1287 1614 14
1287 1615 14
1287 1312 14
1287 1289 14
1287 1303 14
1287 1285 14
1287 1756 14
1566 1738 14
1566 1525 14
1566 1313 14
1566 1787 14
1566 1528 14
1566 1286 14
1566 1565 14
1566 1739 14
1626 1621 14
1626 5852 14
1626 1302 14
1626 1625 14
1626 1797 14
1626 1787 14
1626 1564 14
1626 1565 14
1626 1306 14
1793 1521 14
1793 1621 14
1793 1822 14
1793 1794 14
1793 1288 14
1793 1306 14
1793 1787 14
5851 5842 14
5851 5863 14
5866 5835 14
5866 5851 14
1794 1284 14
1794 1290 14
1794 1561 14
1794 1314 14
1794 1301 14
1794 1286 14
1794 1305 14
1794 1306 14
5867 1189 14
748 747 14
5868 5869 14
5868 2420 14
5670 5870 14
5670 1192 14
5670 5865 14
2000 5619 14
2000 1999 14
5871 5858 14
5871 1437 14
1013 1799 14
1013 1035 14
1403 1405 14
1403 1410 14
1403 1407 14
1403 1399 14
5872 1799 14
5872 1009 14
5618 5873 14
5618 1034 14
5587 5874 14
5587 5875 14
5876 5874 14
5876 5877 14
5875 1129 14
5875 5878 14
5879 1002 14
5879 1013 14
5880 1003 14
5881 5587 14
5881 5876 14
5882 5877 14
5882 5883 14
1003 5884 14
5885 1036 14
5886 5887 14
5886 5877 14
5888 1009 14
5887 5886 14
5877 1129 14
5890 5887 14
5890 5883 14
5891 5874 14
5891 5887 14
5893 1128 14
5893 5894 14
5874 1128 14
5874 5895 14
5896 444 14
1129 1128 14
1129 5894 14
1128 5875 14
1128 5882 14
1611 1842 14
1611 1736 14
1737 5897 14
1737 2113 14
1841 1612 14
1841 5897 14
5898 1736 14
5898 2113 14
5899 1736 14
5899 2113 14
2114 1735 14
2114 5897 14
5897 2114 14
5897 1840 14
1736 5898 14
1288 1796 14
1288 1290 14
1288 1562 14
1288 1286 14
1288 1795 14
1288 1739 14
1288 1791 14
1288 1305 14
1288 1306 14
1795 5617 14
1795 1312 14
1795 1285 14
1795 1527 14
1795 1793 14
1795 1288 14
1795 1739 14
1795 1305 14
5901 1541 14
5901 5604 14
5902 5657 14
5903 5904 14
5903 2312 14
2199 5905 14
2199 5906 14
1739 1524 14
1739 1624 14
1739 1312 14
1739 1300 14
1739 1563 14
1739 1315 14
1739 1564 14
1739 1566 14
752 724 14
752 713 14
752 732 14
752 738 14
752 726 14
5845 1998 14
5845 5844 14
5845 5860 14
1791 1299 14
1791 5673 14
1791 1525 14
1791 1622 14
1791 1289 14
1791 1315 14
1791 1287 14
1791 1566 14
1305 1613 14
1305 1284 14
1305 1291 14
1305 1786 14
1305 1623 14
1305 1615 14
1305 1525 14
1305 1286 14
5907 5654 14
5907 5853 14
5854 5625 14
5854 5855 14
5908 2313 14
5908 5909 14
5910 5911 14
5910 5626 14
5912 5909 14
5912 5913 14
1306 1621 14
1306 1786 14
1306 1623 14
1306 1615 14
1306 5673 14
1306 1312 14
1306 1625 14
1306 1527 14
1306 1286 14
5914 5916 14
5917 1766 14
5917 5621 14
5918 5921 14
5922 57 2
5922 4126 2
5923 4630 26
5923 5924 26
5923 5925 2
5926 622 0
5926 2827 0
5926 5927 0
5928 4866 0
5928 196 25
5929 5930 2
5932 5933 14
5938 2396 0
5940 3525 0
5940 4241 0
5940 228 25
5940 5941 14
5944 2056 14
5945 3083 2
5948 2116 2
4845 5811 14
3524 228 25
3524 516 2
5952 5954 14
5958 1344 2
5959 5960 22
5959 5961 14
5959 5962 14
5959 5963 14
5964 5965 2
5967 5968 0
5967 200 25
5972 2743 29
5977 487 0
5977 634 2
5978 5979 26
5978 5980 26
5981 184 2
5982 561 26
5983 5985 14
5739 57 2
5986 198 2
5987 5988 0
5987 2691 39
5989 872 22
5991 814 2
5992 5993 14
5992 5994 14
6000 47 2
6000 6001 36
6000 6002 33
6004 57 2
6004 1219 2
6005 3249 0
6005 3232 14
6006 212 2
6009 184 2
6009 123 2
6012 1181 14
6013 1180 14
6013 5582 14
5583 1182 14
5583 1180 14
6014 5582 14
6014 1180 14
5839 1437 14
6015 5902 14
6015 5905 14
5585 5902 14
5585 5905 14
6016 2196 14
6016 6017 14
6018 39 14
6019 6020 14
5657 5902 14
5657 2198 14
5911 5907 14
5911 5854 14
2197 2313 14
5661 5583 14
5913 5909 14
5913 2199 14
5906 2199 14
5873 1799 14
1012 5880 14
1012 5888 14
6022 1634 14
1182 6014 14
5904 5905 14
1036 224 14
1036 5885 14
5916 5907 14
5640 1544 14
5640 306 14
5640 5603 14
5654 5854 14
5654 5855 14
5627 2420 14
5627 5653 14
5909 6017 14
5909 2197 14
5626 5907 14
5626 5855 14
5855 5907 14
2198 5902 14
2198 5913 14
6024 5678 14
6025 2422 14
6026 595 34
6026 6027 33
6031 212 2
6032 6033 22
6036 6037 0
6041 147 0
6041 468 2
6043 529 2
6043 523 2
6045 6047 14
6045 6048 14
6052 5393 14
6053 87 2
6056 6057 0
6056 644 2
6059 6060 39
6061 1702 0
6062 629 2
6063 6064 24
6065 6067 36
6068 6069 22
6072 6073 14
6072 6074 14
6075 526 2
6075 6076 29
6078 3302 0
6078 6079 0
6080 6081 29
6082 5927 0
6083 145 2
6083 6084 0
6083 6085 24
6089 189 2
6089 501 2
6089 3410 2
6090 4226 34
6091 2396 0
6094 6095 14
6094 6096 14
6094 6097 22
6098 644 2
6100 6101 34
6102 6103 29
6105 3041 2
6107 6108 24
6107 6109 24
6111 561 26
6112 139 2
6112 5722 26
6113 825 2
6113 202 2
6113 1727 2
6113 1854 22
6114 4502 2
13 6115 22
6115 6116 82
21 6117 22
6117 6118 82
1185 6117 85
1185 6118 86
46 6119 0
94 4991 24
94 6120 22
111 6121 41
117 2820 14
135 6122 14
6123 6122 87
143 6124 0
146 6125 0
154 6126 0
165 6127 22
6127 6128 82
174 6129 0
185 6130 88
185 6131 89
6130 6131 90
190 6132 41
190 6133 41
193 6134 0
201 6125 0
226 6135 29
226 6136 91
227 6137 0
312 1694 22
411 6138 14
6123 6138 87
415 6139 33
415 6140 33
417 6141 80
417 6142 92
6141 6142 93
437 6143 0
445 6144 29
445 6145 91
460 6146 41
464 6147 41
6148 6147 94
464 6149 41
466 6150 0
475 6151 0
483 6152 0
483 6153 95
6152 6153 96
483 6154 88
486 6155 0
506 6156 41
6148 6156 94
6148 6157 94
511 6158 80
511 6159 92
6158 6159 93
513 6160 41
515 6119 88
517 6161 0
522 6162 0
525 6163 41
530 6164 22
532 6165 0
551 2820 14
551 2230 14
554 6166 88
557 6167 41
6168 6167 97
567 6169 0
570 6143 0
574 6170 41
575 6171 41
579 6172 41
581 561 26
586 6173 24
588 6174 0
589 607 0
602 6175 41
603 6176 14
612 6177 0
6178 6179 41
620 6180 37
624 6181 22
6181 6182 82
2703 6182 86
625 6162 0
631 6183 0
635 6184 0
648 3538 80
648 6185 92
648 6186 92
3538 6185 93
3538 6186 93
648 5942 80
5942 6159 93
660 2482 14
664 3348 0
666 6187 22
6187 6188 82
6187 6189 82
669 6190 41
670 6143 0
690 6191 0
693 6192 41
694 6193 41
695 2691 39
702 6194 41
704 6195 0
786 6196 0
790 6197 0
790 6198 88
790 6199 89
803 6200 41
803 6201 41
805 6125 0
805 2120 33
808 6203 0
6204 6205 99
6206 6207 99
878 6208 0
878 6209 95
6208 6210 100
6208 6209 96
886 6211 41
886 6212 41
181 6213 102
913 920 33
928 6215 0
949 6216 33
979 6217 22
984 6218 0
984 6219 33
984 2120 33
986 6220 0
1004 6221 88
1004 6222 103
6221 6222 99
1023 5456 0
1027 6135 29
1027 6136 91
1030 6227 41
1032 5456 0
1083 777 14
1094 6198 88
1094 6228 89
6198 6228 90
1095 6172 41
6148 6172 94
1095 6229 41
1099 6227 41
6230 6231 107
1109 6232 0
1116 3653 0
1126 6233 41
1126 6234 41
1171 2190 24
6235 6236 41
6148 6236 94
6235 6237 41
1204 6238 95
6239 6238 96
1220 6240 41
1220 6241 41
1221 6242 41
1225 6243 0
1232 3559 0
1235 6244 0
1244 340 14
1392 1366 14
6123 1392 108
6123 1366 87
1392 6245 14
6123 1392 108
6123 6245 87
1435 6245 14
6123 1435 108
6123 6245 87
1438 1431 14
1553 117 14
1582 6247 41
1582 6248 41
1584 6249 41
1584 6250 41
1621 1303 14
1656 6251 24
1672 6252 24
1678 6253 0
1701 6135 29
1701 6136 91
1715 6254 0
1724 6255 0
1724 6256 110
1738 1616 14
1754 1614 14
1762 6258 0
1762 6259 0
1765 1534 14
1335 5619 14
1310 1615 14
1495 1485 14
6123 1495 108
1833 5545 2
1833 6260 24
1853 6261 33
1855 5534 14
1858 6262 0
1878 1618 14
6123 1878 108
6123 1618 87
1878 1469 14
6123 1878 108
6123 1469 87
1945 3833 14
1945 340 14
1951 6215 0
398 390 14
1304 5673 14
1992 3559 0
1996 1541 14
2001 6208 88
2001 6264 103
2001 6265 89
2001 6266 0
1485 1753 14
6123 1753 87
1485 1496 14
6123 1496 87
1614 1754 14
2036 5616 14
2036 1541 14
2037 6268 0
2038 6269 37
2072 6270 0
2090 6271 0
2119 6272 0
2137 6274 14
2125 2710 14
2144 2146 14
6123 2144 108
2146 3693 14
6123 3693 87
6275 5712 37
2171 4109 37
2181 2187 14
6123 2181 108
6123 2187 87
2181 2394 14
6123 2181 108
2200 6276 22
2252 117 14
2252 2820 14
2253 2187 14
6123 2187 87
2254 6280 14
6123 6280 87
2201 2253 14
6123 2201 108
2256 6281 14
2256 6282 14
6123 6282 87
2260 6283 0
2291 6284 22
2301 6285 0
1117 3653 0
2387 6135 29
2387 6286 91
2395 6287 41
2210 2208 14
6123 2210 108
6123 2208 87
6288 6289 14
6123 6288 108
6123 6289 87
2484 6290 14
2486 2482 14
2486 2483 14
2491 6143 0
2491 6119 0
2494 6291 80
2494 6292 92
2495 6293 0
2549 3103 80
2549 6186 92
3103 6186 93
6294 6295 88
6296 6297 0
6296 6298 95
2560 6300 88
2585 6301 0
2599 147 0
2600 6302 0
6303 6304 100
6303 6305 96
2613 6297 0
2613 6297 0
2624 6306 41
2624 6240 41
2625 1047 33
6307 6308 41
6307 6309 41
2643 6310 0
2680 6284 22
2684 6211 41
2684 6311 41
2686 6312 41
2686 6313 41
2688 6314 41
2688 6315 41
2712 561 26
2716 6316 0
2716 6271 0
2731 6317 26
2750 6318 0
2758 2985 0
2765 6319 0
2766 6320 41
2768 6321 29
2788 6324 0
2819 232 24
6327 6326 117
2845 6328 41
2846 6329 41
2846 6330 41
2864 2412 24
2876 6331 39
2899 6333 0
2917 561 26
2957 140 26
2986 6334 0
2988 6335 0
2999 544 26
2999 542 24
3006 6336 0
3029 6225 0
3031 6135 29
3031 6136 91
3032 6337 0
3040 6177 0
3047 6338 0
3050 6144 29
3050 6340 91
3052 6121 41
6341 6342 0
3085 3249 0
3103 2549 80
3103 6343 92
2549 6343 93
3119 6345 0
3122 6346 41
3122 6347 41
3137 6313 41
3137 6348 41
6349 6350 41
6349 6351 41
3140 6352 41
3162 6353 0
3168 6354 24
6354 614 122
6354 6355 122
3193 6125 0
3204 6356 0
3204 6357 0
3223 6358 0
3229 6359 0
3239 6360 88
3239 6360 88
3239 6360 88
3252 6279 37
3261 6361 0
3261 2035 22
3271 6363 0
3292 6365 0
3324 6366 41
3343 6367 88
6368 3622 22
3622 2669 82
3395 6369 39
3398 6370 0
3400 6371 39
3418 6372 0
3423 6373 41
3423 6374 41
3440 6375 41
3440 6376 41
3448 6377 0
3477 6144 29
3477 6378 91
3480 6363 88
3487 6379 88
3528 6382 0
3560 6383 39
3569 6363 0
3608 6384 80
3608 6385 92
6384 6385 93
3610 6386 0
3625 6389 131
3638 6334 0
3638 6391 0
3638 6392 0
600 6393 132
6394 6395 41
3658 6396 41
6148 6396 94
3658 6397 41
3658 6398 41
3668 6399 0
3714 6400 22
3715 6150 0
3725 6401 0
3743 6402 26
3747 273 0
3747 2631 0
3749 6404 22
3754 6405 88
3758 6406 41
3760 6407 41
3760 6408 41
3773 6409 0
3780 6410 41
6148 6410 94
3783 6411 41
3784 6412 41
3784 6413 41
3792 6285 0
3793 6414 0
3818 6109 22
6109 6415 82
3818 6064 24
3822 6363 0
3836 6416 88
6417 6418 41
6417 6419 41
6417 6420 41
6421 6422 0
3862 4000 0
3883 147 0
3887 6424 0
3887 6424 88
3887 6424 88
3890 6425 39
3890 6427 39
3835 6429 0
3903 6430 41
3903 6431 41
3909 6432 0
6432 6433 100
3920 6434 41
3927 6435 41
3941 6436 0
3943 6437 0
3945 6125 0
3947 6125 0
3961 4193 0
3969 6439 41
3969 6440 41
3969 6441 41
3971 6442 0
3981 6443 41
3981 6444 41
6445 6446 41
4010 6447 22
6362 6447 85
6448 6449 0
6448 6450 110
6448 6209 95
6448 6451 0
6448 6450 110
4010 6450 135
4020 6452 0
4026 6453 0
4027 6454 22
4053 6457 41
4053 6458 41
4054 6459 80
4054 6142 92
6459 6142 93
4060 6460 0
4065 6461 0
4066 6462 41
4070 6463 41
4070 6464 41
6465 5304 117
274 5304 132
4076 6466 39
4086 6467 0
4086 4020 0
4115 6468 0
4115 6469 0
4116 6470 22
6471 6470 85
4121 6242 41
4133 6472 41
4133 6473 41
4137 6474 41
4151 6475 41
4161 6135 29
4161 6286 91
4175 6447 24
4175 1694 24
4180 6476 41
4180 6477 41
4180 6478 41
4199 6479 88
4215 6480 0
4221 6481 41
4221 6482 41
4236 6485 0
4238 6486 41
4253 3432 22
3432 6277 82
4259 6487 24
4271 6488 24
4284 6490 0
4284 6491 22
6491 6492 82
4303 626 80
4303 6493 92
4303 6494 92
626 6493 93
626 6494 93
4310 6429 0
4315 6495 26
4317 6496 41
4317 6497 41
4318 6498 0
4327 6499 29
4327 6500 136
4327 6501 137
4375 6359 0
4375 6503 0
4390 6504 41
6505 6506 41
6505 6507 41
6508 4680 37
4426 6509 41
6510 6511 41
6510 6512 41
4455 4551 39
4458 6513 80
6513 6514 93
6513 6343 93
4493 6379 0
4497 6515 41
4501 6516 0
4504 6517 41
4517 6518 41
4517 6518 41
6519 6135 29
6519 6286 91
4547 6520 0
4554 6521 39
4580 6522 0
4594 4587 80
4594 6523 92
4587 6523 93
4598 6524 25
4603 6526 22
2347 6527 139
4610 6528 0
4621 6529 25
4623 6530 95
6531 6530 96
4645 4596 80
4645 6523 92
4596 6523 93
6532 6533 80
6532 6534 92
6533 6534 93
4671 6535 39
4681 6538 0
4681 2916 0
4681 4822 0
4681 6539 0
4692 6125 88
4693 6540 41
4705 6184 0
4694 6541 41
4750 6542 0
4761 6334 0
6543 4762 140
6543 6544 141
4762 544 26
4762 485 26
4762 6545 26
6547 6548 0
4791 3538 80
4791 6514 92
3538 6514 93
3538 6549 93
4795 6550 0
4824 6551 0
4856 4857 0
4856 6552 0
4860 2099 0
4864 6553 0
4874 6057 0
4922 6252 24
4924 6556 0
4928 6557 0
4930 6558 41
6148 4930 142
4932 6559 41
4131 6560 102
527 6560 139
4131 527 143
4985 544 26
4986 6125 88
4996 6561 41
4996 6562 41
5009 3698 0
5012 6184 0
5032 6563 41
5032 6564 41
5033 6392 0
5035 6565 0
5050 6399 0
5056 6566 41
5056 6567 41
5067 6568 0
5075 2916 0
5078 6569 0
5081 6570 0
5106 6356 0
5110 4734 0
5121 3923 39
5124 6576 41
5126 6577 0
5131 6578 0
5139 6399 0
5140 6542 0
5146 5568 0
5153 6579 24
6579 6580 122
5154 6097 22
6097 601 82
5183 6581 26
5184 6583 0
5197 6324 0
5198 6584 0
5202 6585 0
5219 5371 80
5219 6586 92
5371 6586 93
5196 6587 80
6587 6343 93
5238 6334 0
5239 6244 0
5247 6588 0
5247 6589 0
5247 6590 22
6590 148 82
5273 6591 0
5280 6592 0
5282 6360 88
5283 2885 24
5308 6593 0
5310 4901 0
5334 6594 0
5345 6595 0
5350 4734 0
5353 6596 0
5357 6334 0
5360 6597 0
5360 6570 0
5386 6598 22
5393 6599 14
6123 5393 108
6123 6599 87
5403 6600 0
675 3222 132
5409 561 26
5409 6334 0
5409 6601 0
5410 6127 22
6127 2669 82
5427 6603 0
5435 6604 0
5437 6605 22
5437 6117 22
5447 6334 0
5450 2985 0
5486 3451 0
5486 4729 0
5493 6607 22
6607 2141 82
5501 6608 24
6609 4834 80
4834 6159 93
5517 6610 39
5535 6613 0
5541 6614 41
5581 6615 0
5651 3622 22
5665 6618 0
5676 6619 24
5681 273 0
5681 6620 0
5681 4752 0
5700 6409 0
5707 4193 0
5714 6358 0
5735 6551 0
5751 6622 41
5790 6623 41
5794 3455 0
5798 920 33
5806 6360 88
5822 147 0
5824 6624 33
6625 6626 2
5829 6588 0
5922 6629 39
5936 6630 80
5936 6631 92
6630 6631 93
5938 6632 41
5939 6633 39
5967 6183 0
5981 6162 0
5995 6636 41
6000 6615 88
6637 6638 41
6026 6143 0
6041 6639 0
6063 6363 0
6075 6642 41
6083 6414 0
6091 6643 41
6099 6644 0
6107 6645 0
6107 470 0
6112 6057 0
6112 6503 0
6112 6601 0
6114 6647 0
6648 454 0
6649 6650 41
6651 6652 41
6653 6654 41
6653 6655 41
6656 6360 88
6657 6658 41
6657 6659 41
6661 6662 22
6663 6664 41
6663 6665 41
6666 6667 0
6668 6669 0
6670 6671 33
6673 6674 0
6675 6676 2
6675 4193 0
6675 6468 0
6682 6316 0
6683 6684 41
6685 6686 0
6687 6688 2
1666 6689 0
6690 6363 0
6692 6693 0
6698 6699 22
6700 6701 41
6702 2789 0
6703 6704 41
6708 6709 0
6710 6711 41
6710 6419 41
6712 6713 24
6714 6715 0
6716 3790 22
6717 6129 0
6717 6409 0
6718 6287 41
6719 6720 41
6721 6722 26
6723 6724 37
6726 6727 0
6728 6134 0
6729 6334 0
6730 6731 0
6732 6522 0
6733 6601 0
6733 6414 0
6734 6735 41
6736 6737 0
6736 6738 95
6737 6222 100
6737 6738 96
6736 6739 88
6736 6740 103
6739 6740 99
6034 6744 132
6745 6746 22
6747 6748 41
6536 2087 0
6749 6750 0
6751 6752 22
6753 6752 85
6752 2668 82
6754 1665 117
6755 6485 0
6756 1219 2
6757 6758 41
6759 6287 41
6760 6761 41
6762 6395 41
6762 6763 41
6764 6765 41
6764 6766 41
6768 6769 41
6768 6770 41
6771 6772 26
6773 6774 0
6773 6775 0
6216 6777 117
2120 6777 117
41 6777 132
6216 41 143
6778 6779 26
6780 6781 0
6780 6782 24
6782 6783 122
6784 6785 41
6784 6786 41
6787 6788 88
6789 1723 24
6791 6358 88
6792 6377 0
6794 4502 2
6796 6797 41
6796 6798 41
6799 70 0
6800 6144 29
6800 6340 91
6801 2087 0
6803 6804 41
6805 6336 0
6806 6807 88
6809 6358 88
6809 6358 88
6811 6812 0
6816 6166 88
6818 6817 140
6818 1185 141
6819 6162 0
6820 6821 22
6821 6822 82
6362 6821 85
6362 6822 86
6823 1723 22
2141 1723 85
6824 6825 41
6826 6827 24
6828 6829 41
6148 6829 94
6830 6831 41
6830 6832 41
6833 6347 41
6834 6315 41
6835 6836 41
6835 6837 41
6148 6835 142
6148 6837 94
6838 6839 41
6840 6841 0
6842 1723 22
6842 6843 0
6845 6846 39
6848 6849 41
6850 6851 22
6850 6853 89
6854 6855 89
6152 6855 90
6854 6198 88
6854 6856 89
6198 6856 90
6857 6858 41
6859 6860 41
2687 6860 97
6861 6862 41
6863 6864 24
6865 6866 22
6362 6866 85
6870 6871 41
6148 6871 94
6872 6873 41
6875 6876 41
6877 6878 41
6877 6419 41
6879 6798 41
6879 6880 41
6881 6882 41
6148 6882 94
6881 6883 41
6884 6419 41
6884 6236 41
6885 6886 41
6889 6890 41
6891 6893 85
6894 6125 0
6896 6897 22
2703 6897 85
6898 6899 41
6900 6901 89
6152 6901 90
6902 6903 39
6906 6907 41
6906 6908 41
6909 6910 39
6915 6916 41
3320 920 117
6918 6919 24
6920 6921 41
6920 6922 41
6923 6924 39
6925 6923 163
6924 6926 164
6925 6926 165
6927 6928 110
2560 6928 135
6299 6928 135
