58
14 15 7
579 580 106
766 765 123
815 816 133
1002 1002 149
1019 1020 106
1129 1058 162
2265 2266 162
2466 2467 233
2520 2521 106
2558 2559 234
2625 2626 162
2782 2783 233
2920 2921 233
2957 2958 123
3025 3026 267
3038 3039 106
3107 3108 7
3202 3203 162
3403 3404 233
3424 518 276
3761 3762 149
3778 3779 283
3789 3790 106
3791 3792 233
3901 3902 283
3904 3905 285
3964 2488 123
4001 4002 233
4226 4227 285
4502 4503 276
685 4520 294
4541 2249 7
1247 4624 7
514 4018 106
442 4409 106
3762 4688 305
4688 4689 306
2499 4696 106
4739 4741 123
4778 4779 309
4879 4880 233
5080 1274 233
5289 5290 267
5348 5349 106
5372 5374 324
5415 5416 233
5586 3902 283
5646 5647 267
5782 1769 123
5896 5897 309
5931 5932 233
6001 6002 234
6011 6012 267
6192 1485 233
6231 6232 106
6269 6270 233
6291 6292 233
