388
24 25 13
39 40 20
67 68 32
71 72 33
86 87 20
67 111 32
179 180 57
181 180 58
179 183 57
181 183 58
184 185 60
67 188 32
67 199 32
274 276 57
275 276 58
24 360 13
454 455 94
67 535 32
582 583 33
454 586 94
587 588 33
67 621 32
665 666 112
653 686 20
699 700 33
703 704 113
206 704 114
654 765 122
767 765 124
845 846 136
867 868 60
869 870 142
936 937 20
67 998 32
1032 1033 151
1042 1043 136
869 1051 142
1042 1057 136
1069 1070 57
1069 1071 57
1102 1103 154
1104 1103 155
1114 1115 113
206 1115 114
1119 1120 159
6 1132 13
1188 1189 136
1254 1255 57
1256 1255 58
1273 1274 168
1287 1288 113
206 1288 114
1314 1315 171
1316 1315 172
1365 1366 112
587 1381 33
1403 1404 182
6 1355 13
1413 1414 183
67 1447 32
6 1502 13
1507 1508 33
845 1514 136
936 1571 20
1594 1595 201
67 1639 32
1674 1675 182
71 1693 33
1718 133 113
206 133 114
943 1730 113
206 1730 114
1739 1740 112
1741 1742 206
1743 1742 207
1741 1742 208
454 1717 94
67 1790 32
1807 1808 33
1845 1846 113
1847 1846 114
1852 1256 212
67 1854 32
1920 1921 33
1956 1957 213
454 1990 94
2004 1020 113
2005 1020 114
6 810 13
2027 2028 33
24 2057 13
454 2097 94
454 2110 94
2111 59 151
936 77 159
2123 2124 183
1084 2147 113
6 2192 13
2203 2204 33
67 59 32
2282 2283 159
2301 2302 201
24 2326 13
67 2334 32
67 2335 32
24 2352 13
67 2353 32
2356 2357 212
6 379 13
2447 2448 151
67 2480 32
936 2486 20
67 2489 32
2499 2500 113
206 2500 114
6 2326 13
67 2506 32
184 2518 60
1541 2522 113
1042 2568 136
67 2578 32
2609 2610 33
1042 2620 136
845 2636 136
454 2660 94
2691 2692 240
1119 2700 159
67 2755 32
6 2768 13
24 2769 13
2777 2779 201
2796 2797 201
1188 2798 136
2801 2802 142
67 2816 32
67 2825 32
2874 2785 213
6 2882 13
454 1547 94
2889 2890 113
206 2890 114
867 2893 60
67 2922 32
2923 2924 60
2925 2926 112
67 2939 32
654 2957 257
654 2958 122
2959 2958 124
2964 2966 171
2965 2966 172
869 2970 142
2982 2983 33
2985 2986 263
3013 3014 264
454 3021 94
24 729 13
6 3096 13
67 3098 32
3116 3117 113
67 3118 32
845 3126 136
3130 3131 136
1641 3158 20
67 3178 32
587 3187 33
3199 3200 112
3232 3233 240
3262 3264 201
3265 3266 275
3271 3272 240
3273 3274 20
721 3282 159
3291 3292 20
2609 3296 33
67 3299 32
653 3323 20
3346 3347 213
67 3361 32
454 3376 94
3399 3400 20
2889 3409 113
206 3409 114
1042 3410 136
3434 1181 60
67 3445 32
3558 3559 20
1042 3562 136
814 3579 33
67 3628 32
67 3662 32
1430 2386 159
3721 3722 240
24 3782 13
3598 3816 20
3853 3854 284
1042 3863 136
2409 3871 20
454 3839 94
3919 3920 33
2518 3944 113
206 3944 114
654 3964 257
654 2488 122
3965 2488 124
454 4036 94
2195 4040 113
4041 4042 240
459 4043 20
454 4044 94
4056 4057 20
1338 2633 113
206 2633 114
86 4098 20
1403 4103 182
39 4108 20
67 4114 32
6 4115 13
1807 1247 33
1956 4121 213
24 3839 13
4131 4132 212
4159 4160 154
1104 4160 155
24 4162 13
67 4176 32
1042 4243 136
4262 4263 57
4262 4264 57
4265 4264 58
2409 4279 20
3130 1182 136
4314 2128 240
71 4381 33
4428 4429 20
4466 4468 57
4467 4468 58
1042 4472 136
4477 970 60
4486 4487 57
4488 4487 58
67 4493 32
4519 4520 295
4019 4543 297
4542 4543 298
4554 4555 57
4556 4555 58
67 4574 32
4612 4613 113
1847 4613 114
4614 4615 201
869 4618 142
4632 1619 201
3130 1594 136
4686 4687 124
4706 4708 57
1198 4739 257
4740 4741 124
67 4748 32
259 258 113
206 258 114
4752 4753 213
4767 4768 212
1825 4803 113
206 4803 114
454 982 94
3237 3927 113
206 3927 114
4818 4819 313
4827 4828 168
1023 4831 159
67 4852 32
3130 4864 136
1042 4872 136
4882 4883 201
1188 4888 136
4891 4892 315
4917 4918 60
4928 4929 113
206 4929 114
4981 4982 57
4983 4982 58
67 5020 32
454 4164 94
67 5046 32
3448 682 113
206 682 114
184 5076 60
67 5092 32
1042 3585 136
1718 522 113
5125 5126 33
24 5215 13
67 5217 32
67 5257 32
67 5285 32
1696 5286 322
67 5293 32
5315 4177 182
454 5316 94
2874 5324 213
184 1825 60
86 5340 20
67 2282 32
67 3145 32
5352 5353 201
5370 5371 60
5373 5374 325
5402 5403 201
5413 5414 201
184 5417 60
67 5430 32
6 1411 13
5446 2783 57
845 49 136
5487 5488 113
2005 5488 114
2409 5497 20
5513 5514 183
67 5143 32
2409 5515 20
5519 5521 297
5520 5521 298
5526 492 183
5527 5528 240
1042 5591 136
2923 5602 60
5636 5637 112
184 642 60
67 5664 32
5693 5694 57
5695 5694 58
5693 5697 57
5695 5697 58
5693 5698 57
5695 5698 58
67 1084 32
1430 5700 322
587 1921 33
5719 5720 33
309 5721 20
67 5737 32
67 5739 32
703 5575 113
206 5575 114
2985 5769 263
654 5782 257
654 1769 122
5783 1769 124
67 5788 32
4215 5833 201
5874 5875 142
5879 5880 330
71 5887 33
454 5890 94
2609 5891 33
1696 5908 322
6 1796 13
39 5938 20
5980 5981 113
1847 5981 114
1042 2522 136
3130 5993 136
721 5995 20
5996 5997 263
1807 5998 33
67 6000 32
6014 6015 113
1847 6015 114
67 2189 32
24 6116 13
6121 6122 151
67 2931 32
632 6148 20
6 5476 13
1023 3871 20
665 6185 112
6207 2569 60
2504 6208 322
6217 6218 212
67 3742 32
67 1532 32
67 6263 32
867 6277 60
184 6286 60
24 1350 13
6 2672 13
2836 6311 20
