453
5 6 3
12 13 6
51 52 22
57 58 25
57 59 26
57 60 27
92 93 39
94 24 40
97 98 39
127 6 3
180 182 59
183 182 59
276 277 59
305 306 77
305 307 78
314 6 80
322 323 39
349 350 87
369 370 22
227 6 40
455 456 95
500 6 3
541 542 99
586 456 95
602 603 6
636 637 39
638 6 3
650 651 39
679 680 39
777 778 127
792 793 6
796 24 40
811 812 132
813 814 127
815 108 134
816 108 135
824 6 3
832 24 40
846 847 137
846 409 138
133 6 3
870 632 143
933 934 39
941 814 127
952 953 39
969 24 40
974 24 3
977 306 77
977 307 78
985 986 148
1043 1044 137
1043 409 138
1051 632 143
1057 1058 137
1057 1059 138
1061 6 80
1072 793 6
1105 1106 156
1105 1107 157
1120 1121 161
1139 6 3
379 6 3
1166 1167 163
1168 6 3
1186 1187 6
1189 1190 137
1189 1191 138
729 24 40
1241 6 3
1255 1257 59
1271 1272 39
1284 6 3
1308 1309 170
1323 1324 175
1352 6 40
1363 1364 176
1399 859 132
15 1484 191
1485 1486 192
1505 1506 6
1514 1515 137
1514 1516 138
1543 1544 39
1557 1484 191
1565 1566 39
1570 342 198
1570 442 199
1583 1584 6
1609 1610 132
1649 1650 132
1653 1654 202
1594 1650 132
1678 1679 77
1678 1680 78
1681 1682 202
1683 778 127
1686 778 127
1705 778 127
1549 306 77
1549 307 78
1721 1722 39
1724 1725 39
1726 1727 25
1726 53 26
1726 1728 27
1732 1725 39
1736 24 40
1764 1679 77
1764 1680 78
1765 1183 132
1766 699 127
1773 1774 6
1783 699 127
1786 1787 191
1717 456 95
1947 1948 77
1947 1949 78
1958 1959 87
1960 1961 214
1965 1966 39
1967 6 3
1972 1973 39
1989 1988 161
1990 456 95
2001 6 3
654 1364 176
2054 814 127
249 24 40
192 24 3
2097 456 95
2110 456 95
77 2121 161
2205 2206 198
2243 24 40
2256 41 170
2259 2260 39
2269 6 40
2283 2121 161
2298 2299 227
2298 18 228
2298 2300 229
2329 1167 163
1313 6 3
2406 6 40
2415 2416 232
2516 2517 6
2565 24 3
2568 2569 137
2568 2570 138
2581 1364 176
997 1364 176
1348 93 39
2600 2601 87
2620 2621 137
2620 2622 138
2636 2637 137
2636 1516 138
2638 2639 239
2655 2656 39
2660 456 95
2668 2669 202
2700 1121 161
2178 24 40
2758 24 80
1917 6 3
2798 2569 137
2798 2799 138
2802 2803 143
2824 6 40
2829 6 3
1557 2851 191
2864 2865 6
1547 456 95
2891 1364 176
2896 2897 251
2896 2897 252
2896 2898 253
2931 2932 77
2931 1680 78
2934 6 80
2951 1307 132
2955 1364 176
2957 2959 258
2970 632 143
3014 3015 266
3021 456 95
3023 24 40
3054 3055 191
3061 6 40
3086 3087 191
3126 1044 137
3126 2570 138
3131 3132 137
3131 3133 138
3161 3162 202
3163 1364 176
3225 3226 22
3234 3235 198
3234 3236 199
3282 2121 161
3333 1679 77
3333 1680 78
143 1364 176
3376 456 95
3410 3411 137
3410 3412 138
478 6 40
3440 3441 191
3446 6 80
3454 1364 176
3472 1364 176
3481 6 3
3554 6 3
3562 3563 137
3562 3564 138
3575 1610 198
3586 24 40
3618 6 80
3623 3624 6
3629 3630 280
3632 2416 161
1247 3672 191
3677 3678 281
3683 651 39
3684 3685 39
3687 1364 176
2386 2121 161
143 1988 232
3712 3713 132
3717 3718 39
3719 3720 6
3726 3727 251
3726 3727 252
3726 3728 253
3756 6 3
3770 3771 22
3783 1774 6
3799 3800 214
1751 1364 176
3802 2623 251
3802 2623 252
3802 3728 253
3161 3805 22
2942 6 40
1236 3829 25
1236 3830 26
1236 3831 27
3842 24 40
3844 6 40
3859 24 3
3863 2569 137
3863 3864 138
3839 456 95
3933 3934 39
3943 6 40
3673 6 40
3963 47 170
3964 3965 258
3966 6 3
3993 2601 87
4014 4015 22
4019 4020 132
4036 456 95
4044 456 95
4075 4076 6
4090 4091 170
4127 4128 191
4134 4135 39
2553 6 40
4168 1364 176
4170 1364 176
4210 793 6
4230 4231 77
4230 1949 78
4232 24 3
4243 1541 137
4243 4244 138
4252 4253 39
4264 4266 59
4268 1167 163
1182 1541 137
1182 4283 138
1087 4306 198
4315 4316 22
4103 4322 191
3889 6 40
1583 1364 176
236 4335 290
4468 4469 59
4470 4471 175
4472 4473 137
4472 3564 138
4484 4485 39
4487 1854 59
70 24 40
4518 2865 6
685 4519 293
4452 24 40
3220 24 80
3306 6 40
4555 4557 59
4572 4335 290
4585 6 3
933 4594 39
4601 420 198
4618 632 143
1594 4667 137
1594 2181 138
2786 4677 302
2786 632 303
4685 4686 258
4715 6 3
1406 6 40
4044 1959 87
4760 4761 308
4765 4766 192
4773 6 3
4775 4776 99
4799 24 3
4800 4801 39
982 456 95
4831 2121 161
4849 814 127
4858 6 40
4864 4865 137
4864 409 138
4872 4873 137
4872 4874 138
4888 1058 137
4888 1059 138
3889 24 80
4892 1314 316
4911 4912 39
4960 4961 239
650 1966 39
4982 4984 59
5006 5007 39
5021 2287 132
5030 1679 77
5030 1680 78
4164 456 95
5039 24 40
5043 5044 170
5050 24 40
4177 793 6
5078 1988 232
3585 5117 137
3585 1516 138
5120 5121 22
5133 6 3
1493 6 40
5242 6 40
3618 24 80
5262 812 198
5262 409 199
704 24 80
5267 2935 251
5267 2935 252
5267 5268 253
5281 5282 6
5284 24 3
5301 5302 39
5316 456 95
5366 5367 191
5372 5373 323
5427 4208 132
5437 1620 198
5437 1019 199
2783 5447 59
49 847 137
49 5456 138
1972 5474 39
5496 1679 77
5496 1680 78
5504 6 40
56 6 3
982 6 3
5561 5562 328
3562 5571 198
3562 3564 199
5591 4667 137
5591 5592 138
3812 6 40
5619 814 127
1010 6 3
5625 5626 22
1628 2180 132
5656 1679 77
5656 1680 78
5659 5660 77
5659 5661 78
5662 24 80
5666 5667 6
5670 5671 39
704 6 40
5694 5696 59
5697 5696 59
5698 5696 59
5731 1364 176
5732 5733 202
5735 5736 39
5782 5783 258
5796 1620 132
5804 5805 39
5841 5842 39
5844 370 22
5857 5858 6
1128 6 3
5875 2803 143
5880 5881 280
5890 456 95
5934 5935 214
5962 5963 39
5970 5971 341
5979 24 80
2522 1541 137
2522 2622 138
5993 5994 137
5993 3277 138
291 6 3
2699 764 170
2967 1106 156
2967 6013 157
6027 6027 148
6042 306 77
6042 307 78
6063 6064 251
6063 6064 252
6063 3172 253
6086 6087 175
1681 6093 22
6099 4961 191
6131 764 170
1506 1364 176
3049 24 40
6167 6168 39
2582 24 40
435 6 3
1402 6196 25
1402 455 26
1402 6197 27
6198 590 132
6199 6200 39
6201 3672 191
6202 6087 175
6204 6205 132
6206 2428 6
2373 1544 39
2041 4335 290
6249 6 3
6267 6268 39
6301 6302 39
2065 6 3
