56
25 26 6
648 649 71
922 923 85
924 925 85
1144 1144 94
1167 1168 71
1298 1215 100
2625 2626 100
2861 2862 139
2914 2915 71
2951 2952 140
3026 3027 100
3209 3210 139
3372 3373 139
3506 3507 151
1210 3518 71
3594 3595 6
3722 3723 100
3976 3977 139
4003 579 156
4415 4416 94
4438 4439 159
4451 4452 71
4454 4455 139
4600 4601 159
4603 4604 161
4717 4718 139
5006 5007 161
5353 5354 156
5403 2609 6
1436 5504 6
575 4740 71
497 5236 71
4416 5573 170
5574 5575 170
3340 5582 71
5691 5692 172
5824 5825 139
5838 5839 174
5840 5841 174
6104 1464 139
6348 6349 151
6419 6420 71
6447 6448 178
6449 6450 178
6503 6504 139
6707 4601 159
6797 6798 151
7140 7141 172
7197 7198 139
7295 7296 140
7305 7306 151
7507 1694 139
7546 7547 71
7584 7585 139
7607 7608 139
