212
33 34 10
47 48 16
81 82 23
85 86 24
99 100 16
81 129 23
211 212 43
81 215 23
81 226 23
33 405 10
81 597 23
651 652 24
657 658 24
81 698 23
747 748 73
734 771 16
789 790 24
984 985 43
1073 1074 16
81 1139 23
1180 1181 96
9 1301 10
1463 1464 105
1560 1561 73
657 1579 24
1601 1602 114
9 1550 10
1611 1612 115
81 1653 23
9 1712 10
1717 1718 24
1073 1780 16
81 1859 23
1899 1900 114
85 1923 24
1979 1980 73
81 2040 23
2060 2061 24
2109 2110 126
81 2112 23
2195 2196 24
2238 2239 127
9 917 10
2326 2327 24
33 2370 10
2431 68 96
2450 2451 115
9 2544 10
2557 2558 24
81 68 23
33 2703 10
81 2712 23
81 2713 23
33 2732 10
81 2733 23
2737 2738 126
9 426 10
2839 2840 96
81 2875 23
1073 2881 16
81 2884 23
9 2703 10
81 2900 23
211 2912 43
81 2973 23
3008 3009 24
3108 3109 143
81 3173 23
9 3193 10
33 3194 10
81 3250 23
81 3267 23
3328 3212 127
9 3335 10
984 3345 43
81 3374 23
3375 3376 43
3377 3378 73
81 3398 23
3454 3455 24
3457 3458 149
33 823 10
9 3583 10
81 3585 23
81 3606 23
735 3660 16
81 3684 23
657 3699 24
3719 3720 73
3761 3762 143
3796 3797 155
3807 3808 143
3809 3810 16
262 3831 16
3008 3835 24
81 3838 23
734 3862 16
3902 3903 127
81 3922 23
3972 3973 16
4014 1357 43
81 4026 23
4161 4162 16
921 4189 24
81 4249 23
81 4291 23
4359 4360 143
33 4442 10
4213 4488 16
4538 4539 160
2796 4556 16
4623 4624 24
4766 4767 143
517 4768 16
4783 4784 16
99 4833 16
1601 4839 114
47 4847 16
81 4855 23
9 4856 10
2060 1436 24
2238 4869 127
33 4518 10
4882 4883 126
33 4916 10
81 4933 23
2796 5065 16
5112 2456 143
85 5207 24
5255 5256 16
5319 1109 43
81 5342 23
4741 5404 166
5405 5406 166
81 5437 23
81 5654 23
5660 5661 127
5680 5681 126
5745 5746 173
5754 5755 105
81 5789 23
5889 5890 43
81 6031 23
81 6064 23
211 6099 43
81 6116 23
6160 6161 24
33 6257 10
81 6259 23
81 6304 23
81 6343 23
1927 6344 177
81 6352 23
6376 4934 114
3328 6388 127
211 2081 43
99 6407 16
81 2645 23
81 3641 23
6445 6446 43
211 6505 43
81 6513 23
9 1609 10
2796 6600 16
6621 6622 115
81 693 23
2796 6624 16
6632 6633 166
6634 6635 166
6639 551 115
6640 6641 143
3375 6724 43
6786 6787 73
211 724 43
81 6822 23
81 1245 23
1630 6865 177
657 2196 24
6893 6894 24
348 6895 16
81 6918 23
81 6920 23
3457 6973 149
81 7001 23
85 7129 24
3008 7134 24
1927 7165 177
9 2046 10
47 7206 16
815 7289 16
7290 7291 149
2060 7292 24
81 7294 23
81 2540 23
33 7429 10
7434 7435 96
81 3387 23
713 7461 16
9 6571 10
1171 4556 16
747 7497 73
7523 2964 43
2898 7524 177
7533 7534 126
81 4387 23
81 1740 23
81 7578 23
984 7593 43
211 7602 43
33 1545 10
9 3083 10
3280 7628 16
