474
8 9 3
23 24 5
59 60 18
106 107 29
108 33 30
112 113 29
146 9 3
164 165 37
166 167 37
168 165 37
169 167 37
170 165 37
171 167 37
172 165 37
173 167 37
174 167 37
175 165 37
176 167 37
341 342 55
343 344 55
353 9 57
362 363 29
384 385 59
386 387 59
392 393 60
414 415 18
259 9 30
501 502 37
505 506 37
507 508 37
509 506 37
561 9 3
605 606 67
642 643 70
644 645 70
679 680 5
703 704 59
705 387 59
718 719 29
720 9 3
731 732 29
765 766 29
872 873 82
891 892 5
895 33 30
918 919 84
920 921 82
934 9 3
945 33 30
152 9 3
1060 1061 70
1062 1063 70
1070 1071 29
1079 921 82
1089 1090 29
1108 33 30
1113 33 3
1116 342 55
1117 344 55
1126 1127 93
1157 1158 70
1159 1160 70
1219 9 57
1231 892 5
1265 1266 98
1267 1268 98
1310 9 3
426 9 3
1340 1341 102
1342 9 3
1362 1363 5
1369 1370 59
1371 1372 59
1387 1388 70
1389 1390 70
823 33 30
1429 9 3
1461 1462 29
1477 9 3
1503 1504 107
1517 1518 109
1547 9 30
1558 1559 110
1568 474 111
1569 1570 111
1574 383 112
1575 1576 112
1597 976 84
26 1693 116
1694 1695 117
1697 1698 70
1708 1709 70
1710 1711 70
1715 1716 5
1753 1754 29
1766 1693 116
1773 1774 29
1778 383 121
1779 497 121
1797 1798 5
1808 1249 112
1809 1810 112
1827 1828 84
1870 1871 84
1874 1875 122
1888 1889 112
1890 1891 112
1896 1889 112
1897 1898 112
1808 1871 84
1903 1904 55
1905 1906 55
1907 1908 122
1911 873 82
1914 873 82
1937 873 82
1943 342 55
1944 344 55
1955 1956 29
1958 1959 29
1969 1959 29
1973 33 30
2008 1904 55
2009 1906 55
2010 1359 84
2011 789 82
2018 2019 5
2032 789 82
2035 2036 116
2157 2158 111
2159 2160 111
2226 2227 55
2228 2229 55
2240 2241 60
2242 2243 128
2251 2252 29
2253 9 3
2258 2259 29
2292 9 3
2325 1559 110
2356 2357 70
2358 1711 70
2367 921 82
281 33 30
2384 2385 130
2386 2387 130
219 33 3
2528 2529 111
2530 2531 111
2559 2560 121
2561 2562 121
2601 33 30
2616 49 107
2619 2620 29
2629 9 30
2666 1838 112
2667 2668 112
2672 643 70
2673 645 70
2707 1341 102
2750 2751 70
2752 1711 70
1508 9 3
2792 9 30
2804 2805 138
2910 2911 5
2959 33 3
2976 1559 110
1138 1559 110
1544 107 29
2999 3000 60
3043 3044 142
3062 3063 29
3079 3080 122
2525 33 30
3161 3162 59
3163 3164 59
3178 33 57
2192 9 3
3202 3203 112
3204 3205 112
3224 3203 112
3225 3226 112
3263 9 30
3271 9 3
1766 3301 116
3315 3316 5
3343 1559 110
3365 3366 70
3367 1711 70
3387 3388 55
3389 1906 55
3393 9 57
3413 1502 84
3421 1559 110
3491 3492 150
3493 3494 150
3504 33 30
2843 3521 70
3522 1063 70
3536 3537 116
3545 9 30
3569 3570 116
3663 3664 122
3665 1559 110
3754 3755 18
3763 3764 121
3765 3766 121
3792 3793 112
3794 3795 112
2208 3813 111
3814 3815 111
3880 1904 55
3881 1906 55
164 1559 110
538 9 30
4021 4022 116
4027 9 57
4035 1559 110
4054 1559 110
4057 3162 59
4058 3164 59
4067 9 3
4157 9 3
4180 1828 121
4181 2529 121
4196 33 30
4240 9 57
4244 4245 5
4263 4264 70
4265 1711 70
1436 4304 116
4309 4310 157
4311 4312 157
4318 732 29
4319 4320 29
4322 1559 110
164 2274 138
4348 4349 84
4355 4356 29
4357 4358 5
4399 4400 70
4401 4402 70
4408 9 3
4427 4428 18
4445 2019 5
4464 4465 128
1993 1559 110
3663 4473 18
3402 9 30
4522 33 30
4524 9 30
4543 33 3
4557 4558 37
4559 4560 37
4639 4640 29
4644 4645 70
4646 4647 70
4649 9 30
4305 9 30
4666 4667 59
4668 387 59
4677 55 107
4681 9 3
4695 4696 70
4697 4698 70
4705 4168 111
4706 4707 111
4709 3000 60
4736 4737 18
4741 4742 84
4805 4806 5
4821 4822 107
4851 4852 70
4853 4854 70
4878 4879 116
4885 4886 29
2946 9 30
4925 1559 110
4927 1559 110
4935 4936 70
4937 4698 70
4982 892 5
5011 5012 55
5013 2229 55
5015 33 3
5035 5036 29
5050 1341 102
5075 5076 59
5077 387 59
5086 4558 37
5087 4560 37
5101 5102 121
5103 2529 121
5114 5115 18
5120 5121 59
5122 387 59
4839 5131 116
4586 9 30
1797 1559 110
1898 383 112
5235 5236 112
3304 404 163
5311 5312 109
5331 5332 29
84 33 30
5373 3316 5
4657 5374 165
5375 5376 165
5292 33 30
3746 33 57
3845 9 30
5429 5430 70
5431 1711 70
5435 404 163
5453 9 3
1070 5462 29
5473 475 121
5474 474 121
5489 3322 112
5490 5491 112
5511 3322 112
5512 5513 112
3214 5563 168
5564 713 168
5607 9 3
1604 9 30
4769 2241 60
5673 5674 171
5678 5679 117
5686 9 3
5688 5689 67
5718 33 3
5719 5720 29
5747 5748 70
5749 4698 70
5785 921 82
5786 5787 70
5788 4698 70
5797 9 30
5827 746 112
5828 5829 112
4586 33 57
5879 5880 29
5950 5951 142
731 2252 29
6013 6014 29
6032 2651 84
6044 1904 55
6045 1906 55
6056 33 30
6061 6062 107
6070 33 30
4934 892 5
6101 2274 138
6155 6156 18
6169 9 3
1702 9 30
6289 9 30
4240 33 57
6309 919 121
6310 461 121
794 33 57
6339 6340 5
6342 33 3
6363 6364 29
6423 1094 112
6424 6425 112
6440 6441 116
6488 498 112
6489 6490 112
6500 498 112
6501 6502 112
6510 4979 84
6524 1838 121
6525 1167 121
2258 6569 29
6598 1904 55
6599 1906 55
6607 9 30
64 9 3
1122 9 3
6680 6681 179
4165 6689 121
6690 4168 121
6704 6705 70
6706 4402 70
4482 9 30
6756 921 82
1155 9 3
6776 6777 18
6795 2528 84
6811 1904 55
6812 1906 55
6815 6816 55
6817 6818 55
6820 33 57
6824 6825 5
6828 6829 29
794 9 30
6911 1559 110
6912 6913 122
6915 6916 29
2804 6940 37
6941 6942 37
6943 6940 37
6944 6942 37
6945 6940 37
6946 6942 37
6947 6940 37
6948 6942 37
6949 6940 37
6950 6942 37
2455 6940 37
6951 6942 37
5086 6940 37
6952 6942 37
6953 6940 37
6954 6942 37
6567 6940 37
6955 6942 37
6956 6940 37
6957 6942 37
3474 6995 37
6996 6997 37
7009 1838 84
367 566 111
7011 7012 111
7023 7024 29
7062 3793 112
7063 7064 112
7073 7074 29
7077 415 18
7079 3366 70
7080 1711 70
7099 7100 5
1297 9 3
7127 842 70
7160 643 70
7161 645 70
7170 7171 70
7172 7173 70
7200 7201 128
7234 7235 29
7252 7253 184
7267 33 57
327 9 3
3118 860 107
3437 1266 98
7307 7308 98
7325 7325 93
7342 342 55
7343 344 55
7398 7399 109
1907 7405 18
7411 5951 116
7444 860 107
1716 1559 110
3531 33 30
7478 7479 29
2977 33 30
490 9 3
7514 660 84
7515 7516 29
7517 4304 116
7518 7399 109
7520 7521 84
7522 2822 5
2756 1754 29
2348 404 163
7563 9 3
7582 7583 29
7617 7618 29
2378 9 3
