72
24 25 9
94 97 9
100 101 27
475 477 9
565 566 27
566 565 27
1109 1110 9
1116 1117 9
1664 1666 53
1669 1670 9
1691 1692 54
1855 1856 53
2140 2142 57
2227 2228 9
2409 2410 53
2429 2430 58
2672 2673 53
2822 2823 53
2837 2838 58
2868 2869 9
2900 2901 53
3035 3036 9
3156 2401 53
3189 3190 53
3321 3322 53
3480 3481 9
3582 3583 53
3840 3841 53
3862 3863 53
4172 4173 9
4107 4242 53
4375 4377 9
4384 4385 73
4499 4500 53
4587 4588 53
4711 4712 53
4715 4716 53
4739 252 53
4827 4828 53
4981 4984 9
4997 4998 77
5021 5022 53
5156 5158 53
5249 4832 53
5271 5272 53
5327 5328 53
5337 5338 53
5355 5072 27
5374 5375 53
5378 5270 53
5446 4817 53
5458 4981 9
5471 5472 53
5473 5474 53
5519 5520 53
5521 5522 53
5701 5702 53
5946 4817 81
3524 5949 53
3345 6039 53
6050 823 27
881 5039 53
902 880 53
923 6189 27
1015 6197 53
2775 6272 53
2775 6273 53
2795 6275 27
4764 6459 53
4864 6466 53
4915 6467 53
6779 6780 53
