185
7 8 4
7 9 4
30 31 4
31 32 4
31 33 4
66 67 4
66 68 4
92 93 4
103 104 4
103 105 4
130 131 4
216 217 4
417 421 4
441 442 4
782 783 4
865 866 4
1009 1010 4
225 1002 4
225 1013 4
1040 1041 4
1043 1044 4
1043 1045 4
1127 1128 4
1127 1129 4
1156 1157 4
1209 1210 4
1211 1212 4
1457 1458 4
2050 2051 4
2088 2089 4
2100 2101 4
2100 2102 4
2206 2207 4
2212 2213 4
2212 2214 4
2212 2215 4
2268 2269 4
2270 1585 4
2270 1182 4
2283 2284 4
2327 2328 4
2169 2329 4
2469 2465 4
2469 2467 4
2778 2780 61
2781 2782 4
2853 2855 61
2853 2856 61
2853 2857 61
2888 2889 4
2931 2932 4
2887 3164 4
3181 1588 4
3186 3187 4
3230 3232 4
3230 3233 4
3230 3234 4
3230 3235 4
3317 3318 4
3344 3345 4
3435 3436 4
3435 3437 4
3460 3461 4
3464 3465 4
3522 3523 4
3522 3524 4
3232 3544 4
3549 3550 4
3567 3568 4
3587 3588 4
3613 3614 4
3632 3633 4
3673 3674 4
3673 3675 4
3691 3692 4
3691 3693 4
3709 1330 4
3769 3770 4
3786 3638 4
3810 957 4
3810 2558 4
4118 4119 4
4157 4159 71
4310 3853 71
4382 4383 4
4441 3542 4
4476 4477 4
4476 4478 4
4476 4479 4
4476 4480 4
4536 4537 4
4594 4595 4
4594 2159 4
4601 4602 4
4645 4646 4
4672 4673 4
4688 3492 4
2051 4689 4
4697 4698 4
4697 4699 4
4697 4700 4
4697 4701 4
4704 4710 4
4735 4736 4
4739 4740 4
4739 2043 4
4739 4741 4
4739 3554 4
2872 2850 4
2872 3096 4
2872 4758 4
2872 4759 4
2872 2843 4
2872 2840 4
4762 4763 71
4768 4769 4
4782 4783 4
4793 4794 4
4793 4706 4
4816 4817 4
3902 2316 4
3902 2314 4
4844 2544 4
4844 4845 4
4844 4846 4
4848 4849 4
4868 4869 4
4908 4909 4
4908 4910 4
4915 4917 4
4935 4936 4
4935 4937 4
5021 5023 4
5047 3113 4
5047 5049 4
5057 5021 4
3886 5061 4
5127 4332 4
5144 5145 4
5150 5151 4
5174 2410 4
5203 5204 4
4830 5210 4
5216 5217 4
5196 5228 4
5196 5229 4
2047 2057 4
2047 5300 4
4781 5316 4
4738 4737 4
5330 5331 4
5330 5332 4
5364 235 4
5442 5443 4
5468 5103 4
5471 5156 4
5473 5475 4
5484 5485 4
5510 5511 4
5513 5514 4
5513 5515 4
5513 5516 4
4588 5551 4
3098 5575 4
3098 5576 4
3098 5577 4
3098 5578 4
659 1203 4
5703 4673 4
5703 4589 4
5745 5746 4
5776 5778 4
5784 5785 4
5784 4469 4
5784 5786 4
3757 5787 4
4846 5510 4
5892 5527 4
5942 5943 4
5948 3235 4
3524 5950 4
3524 5951 4
5952 5953 4
6029 6030 4
3345 6040 4
