72
24 25 9
94 97 9
100 101 27
475 477 9
565 566 27
566 565 27
1109 1110 9
1116 1117 9
1664 1666 53
1669 1670 9
1691 1692 54
1855 1856 53
2141 2143 57
2228 2229 9
2410 2411 53
2430 2431 58
2673 2674 53
2823 2824 53
2838 2839 58
2869 2870 9
2901 2902 53
3036 3037 9
3157 2402 53
3190 3191 53
3322 3323 53
3481 3482 9
3583 3584 53
3841 3842 53
3863 3864 53
4173 4174 9
4108 4243 53
4376 4378 9
4385 4386 73
4500 4501 53
4588 4589 53
4712 4713 53
4716 4717 53
4740 252 53
4828 4829 53
4982 4985 9
4998 4999 77
5022 5023 53
5157 5159 53
5250 4833 53
5272 5273 53
5328 5329 53
5338 5339 53
5356 5073 27
5375 5376 53
5379 5271 53
5447 4818 53
5459 4982 9
5472 5473 53
5474 5475 53
5520 5521 53
5522 5523 53
5702 5703 53
5947 4818 81
3525 5950 53
3346 6040 53
6051 823 27
881 5040 53
902 880 53
923 6214 27
1015 6224 53
2776 6318 53
2776 6319 53
2796 6321 27
4765 6535 53
4865 6543 53
4916 6544 53
6906 6907 53
