185
7 8 4
7 9 4
30 31 4
31 32 4
31 33 4
66 67 4
66 68 4
92 93 4
103 104 4
103 105 4
130 131 4
216 217 4
417 421 4
441 442 4
782 783 4
865 866 4
1009 1010 4
225 1002 4
225 1013 4
1040 1041 4
1043 1044 4
1043 1045 4
1127 1128 4
1127 1129 4
1156 1157 4
1209 1210 4
1211 1212 4
1457 1458 4
2050 2051 4
2088 2089 4
2100 2101 4
2100 2102 4
2207 2208 4
2213 2214 4
2213 2215 4
2213 2216 4
2269 2270 4
2271 1585 4
2271 1182 4
2284 2285 4
2328 2329 4
2170 2330 4
2470 2466 4
2470 2468 4
2779 2781 61
2782 2783 4
2854 2856 61
2854 2857 61
2854 2858 61
2889 2890 4
2932 2933 4
2888 3165 4
3182 1588 4
3187 3188 4
3231 3233 4
3231 3234 4
3231 3235 4
3231 3236 4
3318 3319 4
3345 3346 4
3436 3437 4
3436 3438 4
3461 3462 4
3465 3466 4
3523 3524 4
3523 3525 4
3233 3545 4
3550 3551 4
3568 3569 4
3588 3589 4
3614 3615 4
3633 3634 4
3674 3675 4
3674 3676 4
3692 3693 4
3692 3694 4
3710 1330 4
3770 3771 4
3787 3639 4
3811 957 4
3811 2559 4
4119 4120 4
4158 4160 71
4311 3854 71
4383 4384 4
4442 3543 4
4477 4478 4
4477 4479 4
4477 4480 4
4477 4481 4
4537 4538 4
4595 4596 4
4595 2160 4
4602 4603 4
4646 4647 4
4673 4674 4
4689 3493 4
2051 4690 4
4698 4699 4
4698 4700 4
4698 4701 4
4698 4702 4
4705 4711 4
4736 4737 4
4740 4741 4
4740 2043 4
4740 4742 4
4740 3555 4
2873 2851 4
2873 3097 4
2873 4759 4
2873 4760 4
2873 2844 4
2873 2841 4
4763 4764 71
4769 4770 4
4783 4784 4
4794 4795 4
4794 4707 4
4817 4818 4
3903 2317 4
3903 2315 4
4845 2545 4
4845 4846 4
4845 4847 4
4849 4850 4
4869 4870 4
4909 4910 4
4909 4911 4
4916 4918 4
4936 4937 4
4936 4938 4
5022 5024 4
5048 3114 4
5048 5050 4
5058 5022 4
3887 5062 4
5128 4333 4
5145 5146 4
5151 5152 4
5175 2411 4
5204 5205 4
4831 5211 4
5217 5218 4
5197 5229 4
5197 5230 4
2047 2057 4
2047 5301 4
4782 5317 4
4739 4738 4
5331 5332 4
5331 5333 4
5365 235 4
5443 5444 4
5469 5104 4
5472 5157 4
5474 5476 4
5485 5486 4
5511 5512 4
5514 5515 4
5514 5516 4
5514 5517 4
4589 5552 4
3099 5576 4
3099 5577 4
3099 5578 4
3099 5579 4
659 1203 4
5704 4674 4
5704 4590 4
5746 5747 4
5777 5779 4
5785 5786 4
5785 4470 4
5785 5787 4
3758 5788 4
4847 5511 4
5893 5528 4
5943 5944 4
5949 3236 4
3525 5951 4
3525 5952 4
5953 5954 4
6030 6031 4
3346 6041 4
