2936
2 3 1
2 6 3
10 11 5
10 12 6
13 6 3
15 18 7
21 22 8
21 23 8
24 26 10
27 28 11
27 29 12
30 27 13
30 6 3
31 36 15
37 38 16
40 41 11
40 42 7
43 44 17
43 29 12
46 48 18
49 50 19
49 51 15
53 6 3
56 58 20
59 60 18
59 61 7
62 63 3
64 65 21
74 6 3
76 77 20
80 81 13
80 82 16
83 84 13
83 85 11
86 22 8
88 6 3
92 6 3
98 6 3
100 102 8
106 107 7
106 108 28
109 110 13
120 121 17
125 127 8
125 128 10
125 129 10
130 6 3
132 134 16
135 28 11
138 6 3
141 142 15
143 144 15
143 121 17
146 148 10
151 153 6
154 155 18
154 156 10
157 6 3
157 50 19
158 161 10
165 168 28
165 102 8
169 153 6
171 172 15
171 173 7
177 6 3
179 6 3
180 181 15
185 187 30
188 102 8
190 191 11
190 192 31
193 195 7
197 199 15
201 203 32
201 204 1
201 205 10
206 207 20
209 6 3
211 213 6
218 219 31
220 221 7
224 6 3
224 225 13
226 181 20
226 58 20
227 230 10
231 233 8
238 63 3
239 6 3
247 249 7
250 251 18
250 252 5
253 257 16
265 266 12
265 267 13
268 257 16
272 274 11
269 257 16
277 278 11
277 279 11
280 281 18
287 288 12
293 296 16
300 288 12
304 296 16
306 296 16
307 288 12
312 102 1
314 6 3
318 288 12
323 288 12
323 296 16
335 6 3
339 296 16
342 296 16
353 6 3
353 301 13
355 296 16
368 288 12
368 6 3
372 296 16
386 387 13
389 296 16
396 296 16
391 288 12
391 6 3
401 288 12
401 296 16
411 412 5
417 424 6
425 6 3
430 432 10
435 436 7
435 102 8
445 446 35
445 447 35
448 449 6
451 452 18
457 6 3
457 144 15
458 459 15
464 465 18
466 467 15
466 102 8
466 148 10
471 472 7
473 121 17
475 478 10
480 481 18
483 484 7
483 121 17
486 490 30
492 449 6
493 494 7
497 498 13
503 504 19
503 102 8
505 181 18
506 507 7
511 512 30
513 514 12
520 521 30
522 524 38
522 102 8
525 192 31
525 527 11
530 531 11
532 527 11
532 533 7
535 536 11
535 121 17
541 545 10
546 41 11
554 556 30
554 102 8
559 562 7
559 563 10
559 564 40
565 6 3
567 121 17
570 571 35
573 6 3
575 576 7
578 556 30
586 587 15
592 594 8
599 600 11
599 601 10
603 604 11
606 6 3
609 610 10
609 611 42
612 6 3
612 613 42
616 617 11
616 121 17
616 564 40
618 604 11
624 102 8
626 6 3
626 627 43
628 6 3
628 630 44
631 102 8
635 637 7
648 181 18
649 650 38
652 653 11
652 654 18
655 656 15
655 524 38
655 657 32
658 659 13
660 6 3
667 22 8
669 527 11
670 671 18
670 673 11
674 675 11
676 677 10
680 41 11
683 685 18
688 689 46
690 671 18
690 691 15
690 692 10
694 60 18
695 696 11
697 219 31
698 699 7
702 703 47
704 705 7
704 692 10
706 710 16
706 711 12
728 729 13
731 711 12
732 710 16
732 711 12
739 6 3
715 6 3
715 711 12
740 729 13
741 710 16
735 729 13
720 711 12
747 710 16
746 710 16
709 729 13
709 710 16
759 760 12
759 761 13
765 760 12
767 6 3
770 760 12
782 6 3
784 6 3
784 41 11
786 6 3
786 788 7
789 6 3
790 6 3
791 432 10
794 6 3
795 6 3
796 797 18
798 801 6
803 804 48
806 6 3
806 807 7
808 809 7
808 810 12
811 812 8
813 815 15
817 102 8
818 819 19
818 121 17
820 6 3
823 653 11
828 63 3
829 63 3
830 831 16
839 6 3
846 847 30
868 869 7
870 871 1
873 874 19
876 6 3
876 22 1
876 819 17
876 877 6
878 879 18
878 847 30
881 882 42
881 424 6
883 617 11
884 871 8
566 885 18
886 887 8
888 879 15
890 891 7
890 892 7
893 879 18
893 871 8
894 895 15
896 897 18
899 879 18
903 904 35
903 788 7
905 907 30
908 909 7
908 910 7
911 6 3
911 879 15
912 653 11
913 6 3
914 148 10
915 63 3
916 153 6
919 920 20
923 924 7
926 927 28
928 41 11
929 6 3
929 871 1
930 931 15
935 936 7
939 653 11
940 6 3
943 6 3
948 920 20
961 962 35
967 968 18
969 970 15
974 975 7
977 978 12
982 983 7
982 121 17
984 148 10
991 992 31
993 121 17
995 996 7
999 1000 7
1002 225 13
1004 459 18
1005 1006 11
1007 1008 11
1007 219 31
225 1014 17
1016 524 38
1018 1019 19
1020 6 3
1027 1028 35
1027 1029 49
1030 44 17
1032 1033 18
1032 121 17
1010 6 3
1010 1038 12
1039 6 3
1040 6 3
1042 6 3
1046 1047 18
1048 1050 30
1051 6 3
1053 1054 13
1053 296 16
1060 6 3
1060 1064 17
1065 6 3
1065 288 12
1069 1054 13
1069 6 3
1057 1054 13
1057 288 12
1057 296 16
1077 6 3
1079 296 16
1059 296 16
1074 288 12
1074 1064 17
344 1054 13
344 288 12
1061 1054 13
1061 63 3
1087 63 3
1062 63 3
1070 1054 13
1070 296 16
773 63 3
1071 296 16
1055 288 12
1055 296 16
1072 288 12
774 296 16
1092 288 12
1092 296 16
1081 288 12
1081 296 16
1067 288 12
1067 296 16
775 296 16
1063 63 3
1093 296 16
1068 296 16
1076 288 12
1091 296 16
1095 703 47
1096 6 3
1096 1097 20
1098 63 3
1099 6 3
1100 1101 7
1106 1108 50
1109 1111 51
1112 604 11
1116 233 8
1118 1119 30
1118 1120 30
1123 1124 15
1123 1125 42
1126 22 8
1130 1131 18
1130 1132 20
1130 1134 6
1135 28 11
1140 63 3
1142 63 3
1143 6 3
1144 36 15
1149 1150 13
1151 6 3
1154 1155 11
1154 153 6
1156 1158 13
1159 1160 11
1162 527 11
1162 102 8
1163 877 6
1165 219 31
1166 6 3
1166 1167 7
1169 22 1
1171 1172 20
1171 1173 20
1177 879 20
1183 1185 52
1186 879 15
1187 1029 49
1187 181 20
1188 6 3
1188 604 11
1194 1195 11
1198 1199 7
1203 659 13
1204 1205 7
1206 1208 38
1209 812 1
1211 653 11
1213 121 17
1214 63 3
1217 871 8
1217 121 17
1218 41 11
1220 6 3
1224 63 3
1225 1226 18
1225 617 11
1225 1227 8
1231 6 3
1232 41 11
1232 1233 28
1235 6 3
1241 1242 16
1241 1243 12
1244 63 3
1244 328 13
1245 6 3
1246 288 12
373 288 12
1262 1250 13
1263 288 12
1263 296 16
1269 29 12
1275 30 13
299 63 3
1284 1292 16
1293 29 12
1295 1296 13
410 288 12
1299 1292 16
1299 1307 12
1317 1318 30
1319 6 3
1331 1332 19
1331 1333 15
552 1337 13
1342 6 3
1349 1350 12
1347 6 3
1352 1353 13
1355 1353 13
1357 1353 13
1361 1353 13
1361 1362 16
1363 1353 13
1364 1350 12
1364 1353 13
1367 1362 16
1367 1350 12
1371 1362 16
1372 1350 12
1375 63 3
1379 1362 16
1381 1350 12
1382 6 3
1348 1385 13
1377 1350 12
1388 6 3
1389 1390 13
1398 1064 17
1401 6 3
1416 6 3
1419 1420 13
1422 1420 13
1391 1425 13
1427 1362 16
1434 1426 13
1435 851 13
1356 1350 12
1380 1385 13
1444 1362 16
1376 1353 13
1449 1425 13
1450 1451 13
1452 1453 13
394 288 12
394 296 16
1459 1460 7
1463 1350 12
1465 63 3
1470 296 16
1474 63 3
1476 1362 16
1479 6 3
1480 1484 16
1488 28 11
1487 1484 16
1493 6 3
1497 6 3
1509 1510 13
1513 63 3
294 288 12
294 296 16
1521 1522 13
1254 63 3
1533 63 3
1537 296 16
1539 1540 13
1542 199 18
1543 63 3
1543 1544 13
1546 63 3
1546 29 12
1550 29 12
1552 6 3
1468 1560 16
1468 29 12
1567 1568 8
397 288 12
1578 288 12
1578 296 16
1582 1583 30
1584 192 31
1596 6 3
1603 1604 6
1603 121 17
320 1250 13
320 288 12
1454 63 3
1524 1522 13
1618 1560 16
1627 1628 13
270 63 3
270 266 12
1629 1630 16
1639 1640 13
1642 288 12
1652 288 12
1654 504 19
1469 1659 13
1662 1560 16
1662 29 12
1664 1665 18
1671 1628 13
1672 1673 18
1674 41 11
1678 879 18
1680 1681 6
1680 121 17
1684 219 31
1687 1688 13
1703 804 48
1704 41 11
1708 1709 15
1713 1714 15
1715 1716 18
1721 797 18
1721 1722 15
1728 50 19
1730 871 1
1733 1734 12
1738 1522 13
1738 1292 16
1740 6 3
1742 1743 18
9 29 12
1505 1745 32
354 288 12
1530 296 16
1751 1752 35
1753 1484 16
1754 1292 16
1482 63 3
1482 28 11
334 288 12
1471 296 16
1760 29 12
1762 1764 18
1765 1307 12
1335 63 3
1335 1767 13
1769 29 12
1771 63 3
1773 1774 5
1778 29 12
1779 22 1
1790 63 3
1790 1560 16
1624 1292 16
1624 1307 12
1291 1292 16
1291 1307 12
1802 63 3
1802 1560 16
1788 1560 16
1807 1522 13
1785 6 3
1809 1292 16
1809 1307 12
104 6 3
1139 103 13
1819 103 13
1820 103 13
1816 103 13
1786 1292 16
1786 1307 12
1823 296 16
359 296 16
1777 296 16
1828 673 11
1606 288 12
1832 296 16
1833 1834 18
1311 63 3
1265 296 16
395 296 16
360 296 16
321 63 3
1843 266 12
1850 1851 13
1853 161 10
1660 1560 16
1660 29 12
1570 1560 16
1861 1862 13
1861 1863 7
1707 1560 16
1864 6 3
34 29 12
35 30 13
1866 6 3
1867 29 12
1270 1560 16
1789 63 3
1869 614 55
283 29 12
1875 1560 16
1874 1560 16
1874 29 12
1668 6 3
1668 29 12
1878 1659 13
285 1659 13
1661 1659 13
1558 6 3
1868 1560 16
45 31 13
1883 29 12
1770 1888 13
1889 1888 13
1891 1560 16
1896 1296 13
1896 6 3
1898 63 3
1898 1560 16
1899 27 13
1549 1900 13
1901 1560 16
1901 29 12
1757 1560 16
1757 29 12
1907 29 12
1906 29 12
1908 29 12
1909 29 12
1808 29 12
1911 1250 13
1914 288 12
1653 1089 13
1653 296 16
1512 341 13
1918 6 3
1918 1089 13
1257 296 16
1257 1064 17
1274 288 12
1936 1937 13
1253 296 16
290 6 3
322 6 3
332 6 3
332 288 12
292 296 16
1298 296 16
317 296 16
1940 296 16
1759 288 12
1759 296 16
1943 288 12
1944 296 16
1538 296 16
1947 296 16
1950 296 16
1951 1952 7
1951 1953 10
1247 63 3
1954 296 16
1957 288 12
1956 6 3
1956 301 13
357 296 16
1963 288 12
1965 296 16
1966 1646 13
1251 288 12
374 296 16
1750 288 12
1279 296 16
1825 6 3
1825 296 16
1964 288 12
1964 296 16
375 1646 13
1960 296 16
1249 6 3
1249 296 16
376 6 3
1837 6 3
1264 6 3
1264 288 12
392 296 16
1977 6 3
1973 1544 13
1836 1544 13
407 1544 13
398 288 12
398 6 3
1455 288 12
1455 296 16
1983 44 17
1984 1985 15
1304 1292 16
1986 1987 13
1986 1988 56
1989 1990 35
1580 288 12
1580 296 16
1994 121 17
1994 161 10
1996 1540 13
2001 2002 18
2001 199 20
1581 301 13
2004 2005 7
1485 2007 13
8 1560 16
8 29 12
1919 63 3
330 63 3
1252 1250 13
2012 1296 13
367 296 16
1531 328 13
2015 288 12
2015 296 16
331 1250 13
331 288 12
331 296 16
1872 1560 16
1872 29 12
1572 1659 13
2017 6 3
2017 41 11
1614 63 3
1614 1307 12
1277 288 12
1277 296 16
2021 2022 16
2023 296 16
1548 1900 13
2028 571 35
2032 527 11
2032 102 8
2032 2033 6
2036 63 3
2037 41 11
2038 2039 8
2040 6 3
2040 2041 16
2042 2043 13
2042 2044 15
2045 252 5
2046 2047 13
2046 2049 7
2052 2053 18
2052 2054 16
2058 2059 5
2058 2060 15
2061 6 3
2066 2067 20
2068 130 13
2072 63 3
2073 6 3
2076 50 19
2076 2077 13
2081 2077 13
2090 2093 35
2096 2097 5
2100 2103 15
2105 2106 7
2107 2109 7
2110 2111 16
2112 2113 11
2118 2119 8
2120 2122 10
2120 524 38
2123 594 8
2124 22 8
585 2125 13
2127 788 7
2128 2129 11
2130 536 11
2132 2133 42
2134 2135 17
2136 6 3
2136 600 11
2137 6 3
2140 6 3
2140 604 11
2141 2142 52
2126 6 3
2145 2146 15
2147 653 11
2159 2111 16
2172 2173 30
2172 2174 8
2175 2176 16
2178 2179 11
2181 63 3
2182 2183 13
2190 22 8
2201 181 20
2201 58 20
2203 22 8
2209 63 3
2209 2210 13
2219 1484 16
2221 44 17
2223 1484 16
2227 2050 5
2228 102 8
2233 6 3
2236 2237 19
2236 102 8
2238 604 11
2239 6 3
2239 879 15
2240 63 3
2243 1774 5
2244 2245 11
2249 63 3
2169 2252 13
2253 1337 13
2253 604 11
2255 6 3
2202 2256 5
2261 2262 6
2267 1243 12
2272 28 11
2275 6 3
2188 604 11
308 288 12
308 296 16
2194 2183 13
2288 527 11
2288 22 8
2292 2293 7
2292 2294 35
2295 871 8
2296 2298 42
2296 879 15
2300 653 11
2302 6 3
2313 6 3
1486 1484 16
2326 6 3
2330 2170 5
2330 604 11
2331 696 11
2332 1484 16
2333 2334 15
2335 2336 18
2339 2340 13
2339 2341 12
2342 2343 15
2344 2348 11
2351 604 11
2352 604 11
2360 6 3
2355 1851 13
2363 1851 13
2364 6 3
2367 6 3
1117 274 11
2372 604 11
2373 600 11
2373 2374 7
2377 6 3
2378 871 1
2378 2380 38
2381 2382 7
2385 2387 7
2388 58 20
2390 2392 31
2393 604 11
2398 2399 7
2211 6 3
605 6 3
605 2402 13
2403 155 18
2403 2404 7
2408 6 3
2423 6 3
2423 44 17
2424 604 11
2426 2427 7
2426 65 21
2426 1233 28
2235 2252 13
2189 604 11
2428 527 11
2430 199 18
2434 2252 13
2435 1242 16
1191 1243 12
1190 1243 12
2448 6 3
2450 2451 13
2074 1242 16
2452 6 3
2454 6 3
2455 2451 13
2456 1242 16
2442 1242 16
2458 6 3
2458 1242 16
2458 1243 12
2459 659 13
2460 659 13
2469 2470 13
2469 1243 12
2465 6 3
2268 6 3
2473 6 3
2468 1243 12
2475 6 3
2477 1243 12
2479 2470 13
2481 1243 12
2471 1243 12
2467 1242 16
2467 1243 12
2489 2404 7
1857 604 11
2492 2493 59
2495 22 8
2495 23 8
2498 6 3
2498 604 11
2499 2500 11
2501 296 16
2508 710 16
2510 711 12
743 6 3
2166 63 3
2166 604 11
2514 2516 7
2517 604 11
2395 2183 13
2518 2392 31
2520 1043 13
2524 2525 13
2531 6 3
2535 604 11
2536 887 8
2538 2525 13
2540 2525 13
2533 6 3
2545 2546 16
2545 121 17
2550 2551 18
2552 571 35
2553 1195 11
2554 2392 31
2557 2558 5
2562 6 3
2562 2564 1
2573 2566 11
2576 41 11
2577 1155 11
2579 1047 15
2579 2581 42
2582 879 18
2583 2584 11
2586 102 8
2588 2589 19
2592 2593 60
2594 2595 11
2594 2596 11
2597 2598 42
2600 563 10
2604 2605 7
2607 2608 13
2610 2611 7
2616 2617 20
2618 63 3
2618 2619 42
2620 1047 18
2621 2623 35
2624 41 11
2626 556 30
2626 22 8
2626 23 8
2626 2627 8
2628 2629 16
2630 6 3
2631 6 3
2631 2584 11
2636 2637 18
2638 102 8
2638 920 20
2641 871 8
2641 102 8
2641 127 8
2641 2643 8
2645 2646 16
2648 6 3
2649 2650 6
2651 41 11
2652 2653 15
2656 102 1
2657 102 8
2657 121 17
2658 2659 18
2658 2660 38
2662 41 11
2662 2650 6
2662 102 8
2662 22 8
2663 2664 12
2665 2666 19
2665 2667 6
2668 2669 10
2668 2670 10
2668 2671 10
2676 2677 13
2685 2686 47
2687 2688 47
2689 2690 11
2691 696 11
2693 2694 12
2695 604 11
2696 2697 38
2696 2698 6
2699 2700 5
2702 6 3
2703 2704 52
2705 2706 42
2705 2707 20
2713 2142 52
2714 2715 19
2714 2716 6
2718 102 8
2718 2698 6
2719 2720 18
2722 2723 38
2722 121 17
2727 2728 11
2729 2730 51
2731 251 18
2733 6 3
2736 41 11
2736 2737 8
1571 28 11
2738 6 3
2739 1008 11
2742 50 19
2742 524 38
2752 63 3
2752 424 6
2754 653 11
2754 2755 11
2754 2756 7
2757 144 20
2757 102 8
2759 2760 38
2759 2761 38
2759 2762 38
2763 41 11
2763 2765 31
2766 102 8
2767 2768 18
2769 2770 7
2772 2774 11
2776 102 8
2779 2765 31
2782 2786 30
2782 2787 7
2782 2788 62
2789 6 3
2791 6 3
2792 527 11
2792 2135 17
2796 63 3
2796 2797 18
2798 2799 7
2803 6 3
2803 229 15
2803 2804 52
2806 2807 16
2810 121 17
2812 6 3
2814 2815 7
553 6 3
2821 1337 13
2822 63 3
2825 2826 20
2827 600 11
2829 920 18
2831 6 3
2832 653 11
2832 205 10
2833 2834 20
2833 77 20
2835 2836 11
2838 2840 63
2847 887 8
2848 2849 18
2854 2765 31
2863 6 3
2865 920 18
2865 2566 11
2869 229 20
2869 1131 20
2872 2873 13
2876 1131 18
2877 77 15
2877 121 17
2877 524 38
2842 6 3
2881 2882 11
2883 102 8
2884 871 8
2887 153 6
2889 2891 7
2894 2895 15
2899 6 3
2900 22 1
2903 594 8
2903 77 20
2908 2909 13
2908 2910 10
2908 2911 10
2909 6 3
2909 2912 42
2909 2913 7
2915 2916 35
2918 2919 11
2918 2920 8
2921 871 8
2921 2922 51
2923 6 3
2923 2924 35
2926 2927 11
2926 2928 12
2931 148 10
2934 653 11
2936 2937 15
2940 6 3
2942 2927 11
2943 2927 11
2945 2928 12
2947 2343 18
2950 2928 12
2951 1752 35
2953 6 3
2954 2927 11
2958 102 8
2960 102 1
2960 2698 6
2955 2927 11
2963 2964 51
2965 2966 51
2967 2913 7
2970 1132 18
2970 2971 20
2970 2972 10
2973 233 8
2979 233 8
2982 2983 15
2982 2697 38
2982 2984 6
2985 274 11
2987 2988 10
2992 2993 8
2994 2995 13
2994 102 8
2996 2997 15
2998 1160 11
3000 3002 7
3000 871 8
3005 527 11
3005 3006 42
3007 6 3
3007 2334 18
3010 6 3
3010 653 11
3012 6 3
3013 2067 18
3016 63 3
3018 3019 11
3021 3023 12
3024 6 3
3024 2566 11
3024 2947 13
3025 2834 20
3026 604 11
3030 155 18
3030 3031 15
3032 181 20
3032 58 20
3033 3035 7
3036 2566 11
3038 3039 35
3045 3046 15
3047 594 8
3048 102 8
3049 3050 5
3051 58 20
3052 63 3
3053 3054 18
3061 3062 35
3066 3067 5
3075 3077 28
3078 6 3
3080 3081 11
3083 2770 7
3086 6 3
3090 6 3
3090 181 20
3091 3092 13
3094 2067 20
3095 2873 13
3098 3099 13
3098 3100 11
3103 3031 15
3104 3105 18
3104 199 15
3106 3107 42
3106 3108 15
3109 617 11
3109 102 8
3111 3112 18
3111 121 17
3113 12 6
3114 6 3
3116 3117 30
3116 102 8
3123 3124 7
3125 63 3
3125 904 35
3130 436 7
3133 6 3
3138 6 3
3139 219 31
3141 3142 11
3151 3152 7
3153 102 8
3153 3154 8
3155 274 11
3161 12 6
3161 153 6
3163 22 8
3163 524 38
3163 153 6
3163 3164 28
2888 12 6
2888 3166 11
3167 3168 20
3169 3170 51
3169 3171 51
3174 871 8
3174 153 6
3175 3176 7
3175 879 20
3179 102 8
3179 3181 15
3183 6 3
3192 3193 15
3194 3195 8
3194 148 10
3194 3196 20
3197 3198 7
3199 3200 20
3201 527 11
3205 3206 7
3208 3209 11
3210 3211 44
3210 2409 44
3212 3214 35
3218 3219 18
3218 3220 8
3218 2913 7
3222 3223 18
3224 102 8
3227 3228 8
3229 879 15
3230 6 3
3230 41 11
3230 148 10
3231 3232 5
3237 2237 19
3237 2109 7
3240 3241 42
3243 3244 42
3247 3248 64
3251 3252 44
3253 3254 28
3255 1233 28
3256 121 17
3262 3263 19
3268 3269 10
3270 871 1
3272 3273 7
3275 3276 16
3277 3278 11
3277 3279 42
3282 3283 16
3285 2516 7
3287 3288 44
3287 696 11
3289 653 11
3290 594 8
3290 594 1
3292 6 3
3295 3296 7
3295 102 8
3299 524 38
3300 58 18
3300 22 8
3305 3306 18
3307 3308 8
3310 3311 15
3314 144 15
3314 121 17
3316 6 3
3317 6 3
3320 3321 18
3327 3329 15
3330 3331 38
3330 3254 28
3332 3333 32
3332 2770 7
3335 121 17
3335 3337 50
3338 449 6
3340 6 3
3341 495 13
3341 1242 16
3342 920 18
3350 6 3
3350 3351 15
3352 3353 12
3354 3355 7
3354 424 6
3356 871 8
3356 3351 20
3357 936 7
3358 788 7
3358 2716 6
3359 3360 11
3361 673 11
3361 788 7
3362 3363 10
3362 3364 19
3365 1233 28
3367 6 3
3368 3369 15
3371 3372 7
3371 121 17
3373 3374 18
3373 871 1
3376 3377 7
3378 3379 18
3390 920 20
3390 424 6
3392 3154 1
3395 6 3
3395 879 18
3397 6 3
3397 3398 11
3399 6 3
3400 2826 20
3401 6 3
3401 920 20
3402 41 11
3403 920 20
3403 424 6
245 3412 12
245 871 8
3413 527 11
3413 3415 28
3413 3416 6
3419 3420 1
3422 3423 12
3422 102 8
3424 6 3
3425 63 3
3428 6 3
3429 6 3
3430 3431 10
3430 3432 10
3434 3435 7
3439 871 8
3439 3440 52
3441 3442 7
131 3443 7
3446 6 3
3446 879 15
3446 3447 35
3448 203 19
3448 920 15
3450 653 11
3455 6 3
3457 871 1
3457 879 20
3458 6 3
3465 3035 7
3471 3472 18
3471 3473 11
3474 12 6
3475 3476 5
3475 121 17
3477 102 8
3478 3479 7
3478 1029 49
3480 6 3
3481 3483 18
3484 3485 30
3486 3487 5
3490 63 3
3491 3492 15
3493 3494 7
3497 3498 13
3502 3503 16
3504 3505 42
3507 3508 42
3514 2807 16
3514 3515 7
3517 2670 10
3522 6 3
3523 229 15
3528 996 7
3529 3351 18
3529 3530 62
3533 3534 42
3533 2788 62
3535 2643 8
3538 6 3
3539 3540 19
3542 877 6
3233 882 42
3233 3546 11
3561 6 3
3561 3562 28
3563 63 3
3567 22 8
3570 148 10
3572 3573 6
3572 536 11
3575 2119 8
3575 3576 65
3577 3578 18
3579 696 11
3581 6 3
3581 3582 50
3587 2135 17
3588 6 3
3590 22 8
3590 804 48
3593 3594 56
3599 3600 8
3601 3602 7
3603 63 3
3603 461 18
3605 3606 15
3609 3610 19
3609 907 30
3617 3618 11
3619 3620 19
3626 274 11
3628 251 18
3632 2849 18
3639 6 3
3639 148 10
3641 63 3
3642 527 11
3642 102 8
3644 6 3
3644 199 15
3646 3647 66
3648 871 8
3653 229 18
3655 3656 12
3659 3660 11
3664 3196 18
3669 3670 7
3669 2589 19
3671 3672 7
3679 3680 13
3685 3686 15
3689 233 1
3689 121 17
3689 556 30
1774 63 3
3690 121 17
3690 148 10
3692 1014 17
3693 879 15
3693 3695 7
3693 153 6
3698 6 3
3698 3700 42
3701 3702 7
3701 153 6
3704 2307 13
3705 3706 11
3708 3540 19
3712 6 3
3712 527 11
3713 63 3
3713 23 8
3713 204 8
3713 3714 51
3715 613 42
3715 2589 32
2433 6 3
3719 6 3
3720 600 11
3720 274 11
3721 219 31
3723 3724 30
3725 653 11
3727 3728 7
3729 2113 11
3729 3730 7
3731 2551 18
3737 102 8
3738 920 15
3740 3741 59
3742 3743 6
3744 3107 42
3746 6 3
3748 2761 38
3750 3751 7
3752 6 3
3753 3754 11
3755 102 8
3757 3758 13
3757 653 11
3765 3766 18
3765 3767 28
3768 63 3
3769 6 3
3772 3773 15
3774 3775 10
3779 1350 12
3781 6 3
3782 6 3
3783 1107 20
3784 6 3
3785 2688 47
3786 6 3
3787 3788 18
3790 3792 7
3793 6 3
3794 6 3
3795 3107 42
783 3797 18
3800 3801 15
3800 782 13
3802 195 7
2800 3809 15
3811 121 17
3811 22 8
3811 564 40
3814 3815 18
3816 6 3
3812 564 40
3817 1195 11
3820 6 3
3822 102 8
3823 148 10
3824 2927 11
3825 3826 7
3830 3832 6
1946 288 12
1946 296 16
3835 3836 51
3837 41 11
3839 3840 67
3849 879 20
2070 3851 16
3852 3853 12
3854 2409 44
3854 3855 42
3856 3857 15
3859 895 18
3860 3861 11
3860 3862 16
3865 1233 28
3871 871 8
3874 3875 15
3874 3876 19
3878 6 3
3879 3880 15
3879 920 20
3881 3882 8
3883 1047 20
3883 233 1
3884 527 11
3885 2688 47
3886 3887 5
3886 879 15
3888 3889 68
3892 121 17
3836 6 3
3836 871 8
3893 3894 35
3895 1160 11
3898 3899 7
3900 6 3
3900 2245 11
3902 879 15
3902 3903 13
3904 3905 18
3906 3907 16
3908 3909 11
3908 219 31
3910 6 3
3911 3912 15
3915 1047 15
3916 3582 50
3918 3919 69
3918 3920 30
3921 3922 30
3921 675 70
3921 804 48
3923 3925 7
3923 3926 50
3923 3927 12
3932 6 3
3933 3934 15
3933 3935 38
3933 2109 7
3937 6 3
3937 657 32
3938 3939 15
3940 653 11
3940 871 1
3941 879 20
3942 22 8
3942 161 10
3950 6 3
3952 3953 15
3954 102 8
3954 3955 18
3954 920 20
3956 920 20
3957 524 38
3958 3959 7
3960 3961 31
3962 2294 35
3964 2348 11
3974 6 3
3974 229 15
3975 2927 11
3977 102 8
3977 920 20
3978 3979 35
3981 3107 42
3983 871 8
3987 6 3
3989 3990 15
3994 3995 7
3998 203 19
3999 2109 7
4003 4004 51
4005 587 18
4006 4008 31
4006 4009 47
4011 6 3
4012 601 10
4013 4014 13
4015 4017 20
4015 4018 12
4019 4020 18
4021 4022 15
4028 4029 18
4032 613 42
4033 4034 18
4037 2402 13
4039 6 3
4040 653 11
4041 4042 7
4043 4044 18
4045 6 3
4048 66 13
4048 3321 11
3384 6 3
4050 6 3
4051 920 20
4053 527 11
4054 6 3
4054 703 47
4056 478 10
4056 233 8
4056 4057 52
4058 812 8
4058 887 8
4059 2067 20
4060 601 10
4063 1107 20
4065 199 15
4065 524 38
4067 192 31
4068 4070 20
4072 192 31
3126 1050 30
3126 121 17
4074 6 3
4075 4076 18
4075 920 20
4075 1108 50
4077 4078 11
4080 192 31
4081 6 3
4082 6 3
4083 41 11
4086 2690 11
4087 4089 15
4090 2564 8
4090 2564 1
4091 527 11
4095 4096 20
4097 6 3
421 4098 18
4101 601 10
4101 4102 7
4104 3442 7
4105 6 3
4107 4108 13
4109 4111 38
4112 4113 38
4114 600 11
4116 6 3
4121 1952 7
4122 2688 47
4123 2787 7
4128 4129 13
4131 4132 11
4135 675 11
4137 181 20
4138 804 48
4141 879 18
4141 4142 13
4143 23 8
4145 4146 13
4147 2294 35
4147 41 11
4149 4150 7
4151 2937 15
4158 4159 10
4162 63 3
4163 1318 30
4164 4165 19
4166 4167 7
4168 4169 42
4172 233 8
4172 2135 17
4173 4057 52
4175 4057 52
4181 4182 7
4187 4188 18
4189 2293 7
4189 4190 38
4191 199 15
4192 613 42
4200 527 11
4201 2988 10
4207 6 3
4208 4209 11
4214 4215 7
4222 4223 11
4224 653 11
4224 127 8
4229 274 11
4230 571 35
4230 3695 7
4233 2298 42
4234 4235 42
4238 102 8
4238 3154 8
4239 887 8
4240 871 1
4248 6 3
4248 4249 13
4251 671 15
4254 600 11
4257 4258 7
4257 4259 6
4260 2834 20
4261 2787 7
4262 4263 7
4264 2294 35
4265 4266 31
4267 4268 11
4267 2294 35
4267 4269 42
4270 604 11
4271 102 8
4274 4270 13
4276 3861 11
4277 685 15
4278 44 17
4280 121 17
4284 6 3
4284 1990 35
4291 4292 6
4293 920 18
4296 4297 72
4296 4298 16
4300 3832 6
4300 4301 62
4302 4303 18
4304 4305 16
4304 4306 11
4307 63 3
4308 4309 7
4310 6 3
4311 4312 13
4311 2409 44
4313 4314 7
4316 121 17
4316 4317 10
4318 2688 47
4319 6 3
4319 871 1
4319 121 17
4320 4321 6
4322 199 18
4326 4327 5
4328 2113 11
4328 996 7
4330 77 15
4331 153 6
4333 4321 6
4333 4334 43
4337 703 47
4338 1362 16
4339 675 11
4340 3861 11
4341 2617 20
4341 181 20
4342 274 11
4342 4343 19
4344 6 3
4346 6 3
4347 121 17
4348 4321 6
4353 4354 18
4357 4358 7
4360 4362 38
4366 4367 42
4366 4369 28
4370 4373 42
4374 6 3
4376 1658 15
4379 4380 20
4379 2834 20
4381 2392 31
4382 6 3
4387 1050 30
4389 41 11
4391 2686 47
4384 4392 74
4146 4393 11
4394 6 3
4395 871 8
4398 4399 19
4398 23 8
4400 2688 47
4401 4404 13
4405 219 31
4406 4321 6
4410 6 3
4411 4412 13
4413 617 11
4420 4421 12
4424 4425 75
4426 3741 59
4427 6 3
4428 4429 5
4434 675 11
4434 1158 13
4435 4436 51
4440 41 11
4442 63 3
4443 4444 7
4446 3672 7
4447 2882 15
4450 4259 6
4451 2294 35
4455 3308 8
4456 6 3
4456 4457 19
4461 4462 15
4464 4465 18
4466 203 19
4469 654 18
4474 879 20
4474 2643 8
4476 6 3
4482 4484 7
4485 653 11
4488 4018 12
4491 4492 18
4491 4493 76
4494 920 18
4495 4496 16
4495 4497 7
4498 4499 11
4500 3248 11
4502 41 11
4505 4506 7
4507 4508 11
4507 4509 10
4510 4511 20
4512 879 18
4513 4514 11
4518 703 47
4519 4520 42
4523 4524 7
4525 6 3
4526 233 1
4526 233 8
4527 3254 28
4528 4529 18
4528 4531 12
4532 6 3
4533 102 8
4533 920 20
4537 796 13
4542 4506 7
4543 3200 15
4544 3081 11
4545 594 8
4546 4547 1
4548 50 19
4550 6 3
4553 524 38
4555 4556 52
4555 4557 52
4558 22 8
4563 181 18
4564 2927 11
4565 2598 42
4570 219 31
4571 4572 13
4575 4576 18
4575 4577 11
4578 703 47
4579 2044 18
4579 12 6
4580 6 3
4584 153 6
4586 4587 18
4588 2057 13
4599 3832 6
4601 229 15
4602 696 11
4604 1047 20
4606 199 18
4608 274 11
4608 161 10
4609 22 8
4611 4612 7
4611 233 8
4622 4623 20
4622 251 20
4624 41 11
4624 3515 7
4624 4625 10
4632 4633 38
4638 274 11
4643 4645 13
4649 102 8
4649 920 20
4653 527 11
4654 4656 7
4657 4658 13
4657 12 6
4657 4659 76
4660 4661 15
4663 6 3
4664 4665 18
4666 6 3
4666 1047 15
4672 6 3
4673 4676 15
67 4678 16
67 653 11
4679 4680 7
4679 233 8
4682 233 8
4682 2787 7
4683 4684 13
4685 6 3
4685 4686 7
4687 219 31
4689 6 3
4691 1990 35
4696 4697 7
4706 887 8
4707 871 8
4709 527 11
4705 6 3
4705 653 11
4712 6 3
4714 4715 11
4716 653 11
4718 847 30
4718 121 17
4721 653 11
4724 22 8
4724 4725 49
4726 6 3
4727 6 3
4728 63 3
4728 4169 42
4729 6 3
4695 804 48
4736 22 8
4738 4739 13
4738 2927 11
4744 527 11
4745 6 3
4746 6 3
4747 4748 15
4755 4756 42
4757 6 3
4758 685 18
4758 685 15
2873 4761 7
4762 920 15
4762 102 8
4763 102 8
4765 653 11
4766 696 11
4769 2595 11
4769 2788 62
4772 6 3
4772 1233 28
4773 6 3
4774 4775 18
4774 4775 11
4776 4078 11
4776 3308 8
4777 4778 13
4777 4779 5
4780 4781 7
4783 6 3
4785 4786 11
4785 4787 20
4788 199 15
4788 3582 50
4791 653 11
4792 4793 5
4792 2041 16
4797 6 3
4784 4783 13
4784 6 3
4784 4798 7
4799 4070 20
4799 3600 8
4801 1583 30
4802 274 11
4803 6 3
4803 4804 12
4803 2787 7
4805 63 3
4806 3515 7
4808 4809 7
4810 4811 44
4812 4813 7
4814 3308 8
4816 4343 19
4816 871 1
4817 4819 11
4820 571 35
4822 920 20
4824 524 38
4825 4827 18
4825 2348 11
4830 4831 5
4833 4834 6
4833 4781 7
4833 2788 62
4835 4836 16
4835 121 17
4837 2111 16
4838 4839 44
3903 6 3
4843 4844 6
4849 63 3
4851 4853 7
4854 653 20
4861 1047 15
4862 4863 11
4866 4868 6
4866 3573 6
4878 4879 15
4882 3223 18
4884 4070 20
4885 102 8
4885 12 6
4891 63 3
4894 4895 11
4896 4897 19
4615 4899 5
4904 6 3
4904 4905 15
4907 4908 7
4914 102 8
4916 4917 5
4919 4920 30
4921 613 42
4921 2294 35
4921 449 6
4737 4922 42
4737 3573 6
4737 127 8
4925 6 3
4704 4926 12
4795 3374 18
4795 251 15
4928 6 3
4930 63 3
4931 22 8
4931 804 48
4932 3600 8
4935 4657 5
4935 2054 16
4936 63 3
4939 41 11
4940 6 3
4942 4943 13
4944 4936 5
4937 6 3
4948 4943 13
4941 4936 5
4960 153 6
4962 1124 15
4963 4964 7
4966 6 3
4968 6 3
4969 3296 7
4970 2584 11
4970 12 6
4973 4974 42
4976 6 3
4977 879 15
4978 148 10
4981 788 7
4981 148 10
4982 274 11
4982 4984 7
4987 4989 7
4987 556 30
4990 4991 18
4993 121 17
4995 6 3
4997 6 3
4997 804 48
5000 5001 11
5003 4779 5
5003 3035 7
5003 5004 7
5005 5006 13
5007 527 11
5007 5008 76
5009 4358 7
5009 102 8
5010 6 3
5010 879 18
5013 6 3
5013 5016 20
5022 6 3
5025 5026 5
5025 2937 18
5027 274 11
5027 2348 11
5028 5029 7
5030 153 6
5032 673 11
5034 2142 52
5034 148 10
5035 996 7
5035 2797 20
5035 4839 44
5037 274 11
5039 5040 13
5039 881 5
5041 879 15
5044 102 8
5045 2770 7
5046 2174 8
5047 4922 42
5047 536 11
5048 5049 13
5054 5055 18
5054 5056 28
5058 6 3
3887 5063 5
5064 3610 19
5064 4321 6
5064 2670 10
5068 653 11
5068 5069 7
5070 5071 7
5072 6 3
5072 1047 18
5073 5074 15
5073 5075 7
5073 22 8
5076 5077 35
5076 233 1
5078 41 11
5079 121 17
5080 5081 7
5082 2044 15
5082 1155 11
5083 5084 7
5083 121 17
5085 5086 15
5088 6 3
5089 871 8
5089 871 1
5090 6 3
5090 4444 7
5091 6 3
5094 5095 11
5100 2584 11
5100 3420 8
4850 2547 13
4850 527 11
5103 6 3
5107 5108 12
5109 524 38
5111 5112 7
5111 879 20
5113 6 3
5120 920 15
5122 102 8
5122 121 17
5125 6 3
5126 23 8
5127 6 3
5127 3909 11
5136 2113 11
5136 121 17
5137 204 8
5138 920 15
5139 6 3
5140 879 15
5140 675 11
5143 571 35
5144 6 3
5145 6 3
5148 6 3
5149 5150 78
5151 4652 5
5154 2913 7
5156 6 3
5156 1134 6
5157 5158 5
5160 6 3
5161 12 6
5163 5164 18
5167 871 1
5167 879 20
5168 5169 7
5168 1047 20
5170 5171 18
5172 22 8
5174 1745 32
5175 63 3
5180 5181 38
5180 1233 28
5184 3415 28
5185 102 8
5187 6 3
5187 5188 18
5187 5189 7
4959 5190 16
4959 121 17
5191 153 6
5192 41 11
5196 5197 13
5199 6 3
5199 41 11
5201 22 8
5203 675 11
5204 5207 28
5208 22 8
4831 5212 15
5213 26 10
5214 2564 8
5216 5212 18
5216 229 15
5217 6 3
5217 654 15
5219 6 3
5219 22 8
5220 5221 42
5220 5222 15
5224 4017 15
5224 2500 11
5225 5226 18
5197 871 8
5238 3355 7
5240 148 10
5242 5243 10
5244 1124 18
5246 121 17
5246 2788 62
5248 6 3
5253 2690 11
5253 1014 17
5256 121 17
5258 233 8
5259 5260 79
5261 204 8
5266 6 3
5266 4259 6
5267 6 3
5267 5268 52
5270 5271 5
5272 121 17
5274 41 11
5275 63 3
5276 5277 13
5281 653 11
5284 871 8
5285 2584 11
5286 2049 7
5287 63 3
5292 3254 28
5293 5296 52
5297 4869 5
5298 5299 18
2047 5300 5
2047 5302 15
2486 5303 13
5304 3882 8
5304 5305 20
5307 5308 18
5311 5312 35
5311 2834 20
5311 153 6
4782 5190 16
5318 527 11
5323 5325 7
4739 4737 13
5326 6 3
4674 887 8
727 729 13
727 710 16
5331 63 3
5334 2589 19
5335 5337 10
5338 5340 18
5338 4042 7
5341 5343 69
5347 3209 11
5349 6 3
5349 199 18
5351 5340 15
5351 2826 20
5352 3331 38
5354 4905 15
5358 2044 15
5358 22 8
5359 6 3
5360 6 3
5363 2807 16
5365 2119 8
5366 5367 18
5368 4399 19
5368 524 38
5369 3473 11
5375 63 3
5378 1014 17
5379 142 18
4647 2111 16
4647 5380 7
5383 5384 5
5385 6 3
5386 63 3
5387 6 3
5390 871 8
5392 2245 11
5396 653 11
5400 5401 11
5400 5402 11
5404 5405 30
5404 161 10
5406 41 11
5412 5413 18
5412 3926 50
5415 5416 15
5415 2584 11
1670 199 18
5418 6 3
5418 3797 15
5419 5420 7
5422 5423 7
5424 3377 7
5425 5427 20
5428 5429 11
5428 5430 11
5428 2670 10
5432 44 17
5436 887 8
5438 22 8
5442 41 11
5445 920 15
5447 3550 13
5449 5450 7
5449 4926 12
5451 6 3
5451 233 8
5455 4656 7
5460 5461 15
5460 5462 11
5464 3107 42
5467 3990 18
5468 58 20
5469 5470 18
5471 6 3
5480 4922 42
4598 63 3
5487 6 3
5487 675 11
5489 233 8
5491 6 3
5491 5492 15
5498 6 3
5498 41 11
5499 181 18
5505 6 3
5505 5506 7
5507 5508 13
5511 5513 16
5514 4698 13
5518 5519 5
5524 5525 7
5526 5527 5
5529 5530 19
5529 121 17
5533 4798 7
5534 63 3
5536 1160 11
5537 5539 76
5540 22 8
5540 5541 42
5542 5543 12
5544 219 31
5547 5548 42
5549 6 3
4589 5553 42
5554 102 8
5555 6 3
5557 5559 51
5562 5564 12
5562 879 20
5565 5566 13
5567 5568 15
5571 879 20
5574 5575 42
5581 5276 13
2314 5585 13
5587 6 3
2530 760 12
5589 5590 15
5591 1243 12
5594 5595 13
1916 63 3
5605 63 3
5605 1540 13
5606 5607 16
5606 288 12
5609 600 11
1766 1292 16
1998 1292 16
1617 1292 16
1562 1292 16
1562 1008 11
5629 1195 18
5630 1243 12
5633 5634 15
5633 5635 42
5636 5637 13
1431 1362 16
1431 1350 12
5640 6 3
5640 1307 12
5604 288 12
1645 1900 13
2214 2213 13
1803 63 3
1803 1560 16
1803 29 12
5621 63 3
5645 711 12
5646 5650 16
5646 1734 12
5646 5651 30
5654 6 3
5656 1150 13
5656 44 17
5659 3200 15
5666 102 8
5667 41 11
5669 879 15
1625 6 3
5675 3990 15
303 288 12
303 296 16
5677 3196 15
5678 2937 15
1608 1453 13
5681 653 11
5682 524 38
5682 5683 28
4770 5684 16
5685 5686 13
5687 5688 13
5687 5689 15
5687 5690 18
5693 6 3
5695 5179 11
5696 5697 7
5698 5699 11
5698 5700 7
5701 3035 7
5705 6 3
5705 2547 13
5706 5707 42
5708 5709 7
5710 63 3
5711 5714 7
5715 3600 8
5715 3573 6
5716 871 8
5718 63 3
5718 5719 18
5721 871 1
5721 4380 20
5721 2834 20
5725 5726 35
5728 22 8
5730 6 3
5731 5732 15
5733 5734 7
5733 5735 8
5736 6 3
5737 5738 11
5737 6 3
5739 5740 13
5742 121 17
5743 5744 35
5746 5504 5
5748 5749 7
5750 2113 11
5752 5754 47
5752 192 31
5756 1208 38
5756 3415 28
5758 5759 18
5760 63 3
5761 6 3
5761 22 8
5764 5765 7
5764 563 10
5766 219 31
5768 5769 6
5768 4259 6
5777 5778 5
5780 36 15
5781 5782 7
5783 5784 5
3758 5789 13
5790 6 3
5791 6 3
5791 2690 11
5791 804 48
5792 121 17
5794 527 11
5795 3107 42
5795 504 19
5795 121 17
5796 5797 15
5798 675 11
5798 153 6
5799 5800 15
5802 675 11
5802 22 8
5804 219 31
5807 3107 42
5807 879 20
5808 5809 18
5808 3372 7
5813 3329 15
5814 5815 15
5814 121 17
4847 5816 42
4847 2546 16
5817 6 3
5817 2409 44
5818 653 11
5819 5820 38
5821 3889 21
5822 3415 28
5822 1952 7
5825 3351 20
5826 871 8
5830 102 8
5830 545 10
5831 6 3
5832 288 12
5832 102 8
5833 1307 12
1285 1292 16
1797 6 3
5615 6 3
5845 1292 16
1300 1292 16
1526 1292 16
1314 1292 16
1315 1307 12
1787 1522 13
1787 1307 12
1527 1292 16
5857 6 3
5857 711 12
5858 1350 12
1301 1292 16
1798 6 3
5861 1292 16
5851 6 3
751 710 16
751 711 12
1756 1292 16
1565 1292 16
1999 1292 16
5672 1242 16
1566 1522 13
1793 6 3
1793 1292 16
1794 6 3
5868 1242 16
5868 1243 12
748 711 12
1800 6 3
1800 1038 12
5881 1038 12
1003 1038 12
5886 1038 12
5889 225 13
5888 6 3
5878 5890 12
5893 3767 28
1736 5901 13
1795 1292 16
5903 5585 13
1739 6 3
1791 1292 16
5915 5916 13
5919 5920 5
5919 5921 42
5924 920 20
5924 3926 50
5927 600 11
5930 5932 12
5933 2637 15
3470 5935 18
5936 6 3
5937 5938 7
5940 2637 15
5940 653 11
5943 3539 13
5945 2111 16
5946 675 11
5947 5948 12
5949 527 11
4846 63 3
5956 5957 5
5958 6 3
5967 6 3
5968 3077 28
5970 5971 18
5970 892 7
5972 153 6
5974 65 21
5975 5976 16
5977 3321 11
5983 6 3
5984 5985 7
5987 41 11
5987 1050 30
5990 5991 35
5996 4748 15
5996 5997 1
5998 5999 13
5998 4623 18
6000 6 3
6001 6004 59
6006 920 18
6006 3415 28
6007 2262 6
6008 6009 12
6010 904 35
3901 5634 18
3901 6011 16
6012 6 3
6013 1064 17
6019 29 12
6022 6 3
6022 5585 13
2198 5585 13
5662 2271 13
5907 5585 13
5874 1038 12
6023 1630 16
1182 2271 13
5905 5585 13
5917 63 3
5641 296 16
5856 5916 13
6024 1640 13
6024 6 3
6025 1630 16
6027 6029 15
6033 6035 11
6036 6 3
6037 153 6
6039 102 8
6039 920 20
6043 675 11
6043 219 31
6044 673 11
6045 4922 42
6045 5513 16
6046 6047 5
6046 675 11
6050 3939 15
6051 6052 7
6054 653 11
6055 5025 5
6055 6056 16
6057 6059 11
6064 571 35
6066 6067 7
6066 121 17
6071 6072 42
6073 4595 13
6078 2584 11
6078 556 30
6083 6 3
6083 5207 28
6083 3254 28
6087 6 3
6088 5800 18
6089 4297 72
6091 6 3
6092 812 1
6093 6094 7
6093 121 17
6099 879 15
6100 1124 15
6100 121 17
6105 3100 11
6106 6107 10
6108 3195 8
6108 6111 20
6112 1107 15
6112 148 10
6113 274 11
6115 1172 18
6205 1185 52
876 531 11
896 6213 15
1106 6228 52
2037 199 18
2136 1047 15
2250 6273 28
2389 2067 18
2727 653 11
2810 879 15
2831 6322 18
3051 6335 35
3210 653 11
3561 2584 11
3587 41 11
3616 6378 52
3626 6379 83
3636 6380 15
3651 6383 18
3763 1047 15
6419 199 18
6451 6452 35
4072 5305 18
4234 6483 15
4283 251 18
4294 920 15
4355 6497 35
4519 144 15
4563 2916 35
4608 6521 15
4654 1047 18
4763 6533 52
4816 5312 35
4865 181 15
4978 6548 15
4982 1047 15
5027 1047 18
5037 1047 15
5073 527 11
4850 6559 65
5109 1233 28
5219 6335 35
5287 675 11
5349 2566 11
5356 41 11
5360 3894 35
5366 3107 42
5406 3223 18
5425 6585 35
5445 6589 52
5445 6590 52
5682 2294 35
5728 4577 11
6605 6607 65
5923 6608 35
5965 3077 28
6091 229 15
6636 2294 35
6653 6335 35
6656 6658 20
6659 1047 15
6659 6660 11
6661 2937 15
6662 879 15
6683 6684 18
6692 274 11
6694 4070 15
6695 1047 15
6715 3743 6
6730 6731 52
6732 6733 18
6741 1665 18
6758 229 15
6770 6771 18
6783 2294 35
6788 2294 35
6797 5340 15
6807 6808 18
6811 1185 52
6843 199 15
6862 6863 65
6869 1208 38
6885 6886 35
6910 920 18
