6279
0 1 0
2 4 2
2 5 2
13 14 0
15 16 2
15 17 2
19 20 0
31 34 14
31 35 14
37 39 14
37 33 14
43 45 14
46 47 2
49 52 2
54 55 14
56 57 2
69 70 0
69 71 22
72 73 2
74 75 14
78 79 23
86 87 2
88 89 24
90 91 25
94 95 0
94 96 26
98 99 14
111 112 29
111 113 29
114 115 2
114 116 0
117 118 14
117 119 14
122 123 2
122 124 2
125 126 0
132 133 2
135 115 2
135 136 2
137 57 2
138 139 2
138 140 26
143 145 2
143 115 2
146 147 0
149 150 14
151 152 2
158 159 26
158 160 0
162 163 24
162 164 26
165 166 2
165 167 2
169 170 29
174 175 0
174 176 2
177 178 14
179 152 2
180 182 24
183 184 2
185 186 2
188 189 2
193 194 26
193 196 25
197 198 2
197 200 25
201 202 2
201 194 26
206 139 2
206 208 25
209 210 2
211 212 2
214 57 2
214 215 0
222 223 2
227 139 2
227 228 25
227 229 33
231 232 26
231 234 34
235 236 14
235 237 14
239 240 0
241 242 2
241 243 22
244 245 23
244 246 23
247 248 2
253 254 14
253 255 14
253 256 14
258 259 14
258 253 14
258 260 14
258 254 14
261 262 14
261 263 14
261 264 14
261 256 14
265 268 14
265 269 14
268 270 14
268 271 14
268 256 14
272 273 0
269 275 14
269 270 14
269 276 14
282 283 14
282 284 14
282 285 14
282 286 14
287 289 14
287 290 14
287 291 14
287 292 14
293 294 14
293 295 14
297 298 14
297 299 14
300 301 14
302 303 14
302 294 14
304 305 14
306 293 14
306 295 14
307 308 14
307 309 14
307 310 14
307 311 14
312 313 2
314 289 14
314 315 14
314 316 14
314 317 14
318 319 14
318 320 14
318 321 14
318 322 14
323 324 14
323 325 14
323 326 14
327 328 14
327 329 14
327 322 14
327 318 14
327 292 14
326 315 14
326 320 14
326 330 14
326 331 14
326 332 14
333 334 14
333 335 14
333 336 14
335 337 14
335 338 14
339 340 14
339 341 14
342 343 14
342 344 14
342 345 14
342 346 14
342 347 14
342 348 14
349 350 14
349 351 14
349 352 14
353 354 14
355 356 14
355 357 14
358 351 14
358 359 14
358 360 14
361 362 14
361 363 14
361 364 14
352 365 14
352 366 14
352 349 14
363 367 14
363 365 14
363 354 14
368 369 14
368 370 14
368 371 14
372 373 14
372 374 14
372 375 14
372 376 14
377 378 14
377 379 14
380 381 14
380 382 14
383 384 14
383 385 14
386 388 14
382 384 14
382 381 14
389 390 14
389 391 14
389 392 14
389 387 14
393 394 14
393 390 14
393 395 14
393 389 14
393 391 14
396 397 14
396 398 14
396 387 14
396 399 14
391 400 14
391 396 14
391 401 14
401 402 14
401 403 14
401 404 14
405 390 14
405 400 14
405 406 14
405 397 14
405 407 14
408 409 14
408 410 14
413 414 2
415 416 2
417 418 2
417 419 2
417 420 2
417 422 26
417 423 23
425 426 29
427 428 33
429 17 2
430 431 24
433 434 22
437 438 2
437 439 2
437 440 0
443 115 2
444 115 2
448 450 36
451 453 0
451 454 0
455 456 22
458 167 2
460 461 33
462 463 2
466 468 2
466 469 2
466 470 0
473 474 2
475 476 29
479 17 2
480 482 0
483 485 26
486 487 0
486 488 0
486 489 0
486 491 37
493 184 2
495 184 2
495 496 14
497 499 14
500 501 2
502 189 2
505 57 2
508 509 14
508 510 14
515 47 2
515 167 2
515 516 2
517 518 0
517 519 24
522 523 2
525 526 2
528 529 2
528 189 2
528 123 2
534 501 2
534 167 2
534 184 2
537 538 25
539 540 33
541 542 22
541 543 26
541 544 26
546 123 2
547 548 39
547 549 26
547 550 26
551 552 14
551 553 14
554 555 2
554 485 26
557 558 2
559 560 2
559 561 26
567 568 36
567 569 36
567 200 25
570 572 33
574 526 2
577 57 2
579 580 41
581 582 0
581 228 25
583 584 14
583 585 14
588 485 26
589 590 0
589 591 0
589 228 25
592 593 2
592 595 34
596 597 2
596 598 26
596 140 26
602 558 2
603 605 14
606 607 0
606 608 2
609 232 26
612 614 2
612 607 0
612 615 0
612 208 25
618 619 14
620 621 0
620 622 0
620 623 0
625 189 2
625 144 33
626 77 33
628 629 2
631 632 22
631 228 25
633 634 2
635 636 2
638 639 2
640 641 0
640 642 2
643 644 2
643 645 2
643 646 2
647 598 26
651 91 25
661 662 22
661 663 34
664 526 2
664 665 29
666 47 2
666 474 2
668 463 2
670 672 34
676 208 25
678 679 39
680 529 2
680 47 2
680 681 45
680 682 34
683 684 2
686 687 2
693 526 2
698 202 2
700 701 2
706 707 14
706 708 14
706 709 14
712 713 14
712 714 14
712 715 14
712 716 14
712 709 14
717 718 14
717 719 14
717 720 14
717 721 14
717 722 14
723 724 14
723 707 14
723 725 14
723 726 14
723 727 14
728 730 14
728 717 14
728 723 14
728 707 14
731 706 14
731 717 14
731 732 14
731 726 14
733 734 14
733 713 14
733 731 14
733 732 14
733 735 14
732 717 14
732 736 14
732 737 14
738 725 14
738 735 14
738 708 14
738 721 14
738 722 14
739 712 14
739 723 14
739 740 14
739 736 14
725 718 14
725 728 14
725 741 14
725 716 14
725 722 14
715 730 14
715 719 14
715 709 14
740 724 14
740 715 14
740 735 14
740 742 14
736 707 14
736 716 14
736 737 14
736 743 14
736 709 14
726 724 14
726 719 14
726 714 14
726 732 14
726 741 14
741 734 14
741 732 14
741 722 14
741 743 14
735 716 14
735 722 14
735 743 14
735 709 14
720 723 14
720 728 14
720 726 14
720 737 14
744 745 14
744 746 14
747 748 14
749 750 14
749 751 14
746 748 14
721 734 14
721 717 14
721 715 14
721 716 14
721 743 14
716 725 14
716 736 14
716 741 14
716 709 14
716 734 14
742 719 14
742 752 14
742 741 14
742 708 14
722 728 14
722 752 14
722 726 14
722 743 14
722 730 14
709 712 14
709 732 14
709 726 14
753 754 14
753 755 14
756 757 14
756 758 14
758 756 14
758 759 14
762 756 14
762 763 14
764 757 14
764 763 14
765 766 14
766 757 14
766 756 14
767 768 14
769 766 14
769 770 14
770 764 14
771 772 14
771 773 14
771 774 14
771 775 14
771 776 14
771 777 14
771 778 14
779 780 2
779 781 24
779 426 29
784 785 2
786 223 2
786 787 2
789 152 2
791 792 2
791 793 2
798 799 34
798 800 34
798 485 26
802 167 2
805 470 0
813 814 2
813 816 24
817 152 2
820 821 0
820 822 0
823 152 2
824 825 2
824 826 2
827 644 2
828 529 2
828 17 2
829 17 2
830 755 14
832 160 0
832 833 22
834 835 29
836 837 2
836 838 22
839 840 14
841 842 14
841 843 14
841 844 14
841 845 14
846 848 29
849 850 14
849 851 14
849 852 14
853 854 14
853 855 14
853 856 14
853 852 14
857 853 14
857 843 14
857 858 14
857 852 14
843 859 14
843 856 14
843 852 14
854 860 14
854 861 14
854 862 14
854 841 14
863 864 14
863 855 14
863 856 14
863 852 14
865 849 14
865 853 14
865 843 14
867 862 14
867 843 14
867 856 14
867 852 14
868 687 2
870 872 22
873 875 26
880 662 22
888 582 0
889 208 25
890 91 25
896 898 22
899 879 33
900 615 0
900 901 39
902 313 2
905 906 39
908 17 2
914 139 2
916 152 2
917 47 2
917 152 2
917 918 2
921 922 14
923 516 2
925 160 0
925 561 26
926 208 25
928 468 2
932 933 22
932 934 22
935 937 14
938 825 2
940 941 0
940 942 0
943 944 26
943 945 0
946 947 2
948 228 25
949 164 26
949 950 26
949 951 0
952 953 26
952 954 26
952 955 26
952 956 22
957 785 2
957 958 14
957 959 14
957 960 14
963 184 2
964 965 2
964 966 34
969 228 25
971 972 36
971 973 45
974 209 23
974 976 22
979 152 2
980 981 2
984 950 26
985 140 26
985 208 25
986 159 26
986 987 22
986 988 22
989 167 2
989 990 36
993 994 24
997 998 0
999 1001 36
1002 1003 14
1004 459 33
1009 1011 14
1009 1012 14
1015 152 2
1016 825 2
1016 1017 22
1018 644 2
1018 200 25
1020 1021 0
1020 1022 39
1023 1024 34
1023 1025 36
1026 57 2
1030 1031 41
1034 1009 14
1034 1035 14
1034 1036 14
1037 501 2
1048 1049 36
1051 607 0
1051 1052 0
1053 1055 14
1053 1056 14
1053 1057 14
1053 1058 14
1053 1059 14
1060 1061 14
1060 1062 14
1060 775 14
1060 1063 14
1060 1056 14
1065 771 14
1065 1066 14
1065 1067 14
1065 1068 14
1069 1070 14
1069 1071 14
1069 1072 14
1069 1056 14
1069 345 14
1057 1073 14
1057 1065 14
1057 1074 14
1057 348 14
343 771 14
343 1073 14
343 1072 14
343 1067 14
343 1075 14
343 1076 14
1077 1059 14
1077 348 14
1077 1066 14
1077 777 14
1077 1076 14
1077 772 14
1058 773 14
1058 1055 14
1058 1072 14
1058 774 14
1058 1078 14
1058 1079 14
1058 345 14
1080 1073 14
1080 1066 14
1080 774 14
1080 1063 14
1080 776 14
1080 1075 14
1080 1068 14
1078 1070 14
1078 1055 14
1078 774 14
1078 1081 14
1078 1063 14
1078 1082 14
1078 1060 14
1079 1083 14
1079 1063 14
1079 1084 14
1079 343 14
1079 1058 14
1079 1080 14
1059 1056 14
1059 1085 14
1059 345 14
1059 346 14
1059 347 14
778 1053 14
778 1057 14
778 1077 14
778 1079 14
778 1074 14
778 346 14
778 347 14
1086 1087 14
1086 1071 14
1086 1072 14
1086 774 14
1086 1088 14
1086 1063 14
1086 342 14
1074 1053 14
1074 1060 14
1074 1057 14
1074 1086 14
1074 344 14
1085 1076 14
1085 1082 14
1085 1084 14
1085 1065 14
1085 344 14
1085 347 14
1085 348 14
344 1089 14
344 1070 14
344 777 14
344 772 14
344 1086 14
1061 1073 14
1061 1066 14
1061 1072 14
1061 1088 14
1061 1082 14
1087 771 14
1087 1071 14
1087 1055 14
1087 1090 14
1087 345 14
1087 347 14
1062 771 14
1062 1061 14
1062 1055 14
1062 1063 14
1062 1091 14
1062 1058 14
1070 1061 14
1070 776 14
1070 1069 14
1070 344 14
1070 348 14
773 1062 14
773 1075 14
773 1076 14
773 1053 14
773 1065 14
773 1085 14
1073 1072 14
1073 774 14
1073 1076 14
1073 1063 14
1073 772 14
1073 1058 14
1073 1080 14
1071 774 14
1071 1083 14
1071 1082 14
1071 772 14
1071 1086 14
1071 345 14
1055 1068 14
1055 772 14
1055 343 14
1055 347 14
1055 348 14
1066 1089 14
1066 773 14
1066 774 14
1066 776 14
1066 1077 14
1066 778 14
1066 1086 14
1072 1063 14
1072 777 14
1072 1071 14
1072 1060 14
1072 343 14
1072 778 14
774 1073 14
774 1088 14
774 1092 14
774 1091 14
774 1059 14
774 1074 14
1083 1073 14
1083 1066 14
1083 1067 14
1083 1082 14
1083 1077 14
1083 344 14
1090 1073 14
1090 1071 14
1090 776 14
1090 342 14
1090 1060 14
1090 344 14
1090 345 14
1088 773 14
1088 1073 14
1088 1071 14
1088 1083 14
1088 775 14
1088 1053 14
1088 1058 14
1092 1071 14
1092 1076 14
1092 1060 14
1092 1077 14
1092 1074 14
1081 1056 14
1081 1071 14
1081 1065 14
1081 346 14
1081 348 14
1067 1070 14
1067 1063 14
1067 1093 14
1067 772 14
1067 1057 14
775 773 14
775 1069 14
775 1058 14
775 1059 14
775 345 14
775 1089 14
1063 1073 14
1063 1088 14
1063 772 14
1063 1085 14
1063 348 14
1063 1089 14
1093 1074 14
1093 346 14
1093 347 14
1093 348 14
1093 1089 14
776 1055 14
776 1066 14
776 1068 14
776 1069 14
776 1057 14
776 1058 14
776 1080 14
1082 1070 14
1082 1073 14
1082 1066 14
1082 774 14
1082 1067 14
1082 775 14
1082 1069 14
1075 1060 14
1075 1077 14
1075 1073 14
1075 1083 14
1075 1063 14
1075 776 14
1075 1091 14
1068 1076 14
1068 1074 14
1068 344 14
1068 345 14
1068 346 14
1068 348 14
777 1070 14
777 1093 14
777 342 14
777 1080 14
777 1089 14
777 1069 14
777 1079 14
1084 1071 14
1084 775 14
1084 1068 14
1084 772 14
1084 1069 14
1084 1079 14
1084 1086 14
1076 771 14
1076 1083 14
1076 775 14
1076 342 14
1076 345 14
1076 348 14
772 1060 14
772 1090 14
772 775 14
772 1093 14
772 776 14
772 1084 14
772 1076 14
1091 1062 14
1091 773 14
1091 774 14
1091 342 14
1091 778 14
1091 1089 14
1094 501 2
1094 555 2
1096 196 25
1102 189 2
1103 1104 2
1103 1105 0
1106 140 26
1106 1107 33
1112 644 2
1112 1113 34
1114 785 2
1114 687 2
1114 1115 2
1114 198 2
1121 1122 2
1121 202 2
1130 1133 25
1135 1136 14
1137 1138 14
1137 1139 14
1140 1141 14
1142 152 2
1144 1145 14
1144 1146 14
1144 1147 14
1144 1148 14
1151 485 26
1151 1152 26
1151 1153 0
1161 701 2
1163 123 2
1164 701 2
1166 1168 26
1169 1170 29
1174 1175 22
1174 1176 22
1174 57 2
1177 1178 0
1177 1179 37
1180 1181 14
1180 1182 14
1183 1184 24
1189 1190 14
1189 1191 14
1189 1192 14
1193 701 2
1196 1052 0
1196 1197 0
1198 166 2
1198 1200 37
1201 1202 14
1204 189 2
1206 1207 0
1213 152 2
1213 501 2
1215 1216 14
1218 1219 2
1221 526 2
1222 1223 29
1225 1228 34
1225 1229 34
1225 1230 45
1232 1234 36
1235 1236 2
1237 1238 2
1237 1156 14
1239 202 2
1239 47 2
1239 1240 24
1244 337 14
1246 1247 14
1246 1248 14
1246 368 14
1246 1249 14
373 1246 14
373 1250 14
373 1251 14
373 376 14
316 1252 14
316 314 14
316 1253 14
316 290 14
378 1254 14
310 1255 14
310 1256 14
310 1257 14
310 1258 14
310 1259 14
1260 1261 14
1262 321 14
1262 324 14
1262 325 14
1262 317 14
1263 393 14
1263 1264 14
1263 399 14
403 1265 14
403 395 14
403 1266 14
403 1267 14
403 1268 14
1269 1270 14
1271 311 14
1271 1257 14
1271 1272 14
1271 1273 14
1271 1274 14
1276 1246 14
1276 1247 14
1276 1277 14
1276 1278 14
1276 1279 14
1280 1281 14
1280 1282 14
299 1283 14
1284 1285 14
1284 1286 14
1284 1287 14
1284 1288 14
1284 1289 14
1284 1290 14
1284 1291 14
1293 1294 14
1295 1297 14
410 1298 14
1299 1300 14
1299 1301 14
1299 1302 14
1299 1303 14
1299 1304 14
1299 1305 14
1299 1306 14
1308 1303 14
1308 1309 14
1308 1310 14
1308 1311 14
1308 1312 14
1308 1300 14
1308 1313 14
1308 1314 14
1308 1315 14
1316 360 14
1316 349 14
1316 362 14
1317 208 25
1319 1320 14
1321 1322 14
1321 1323 14
1324 1325 14
1324 1326 14
1327 1326 14
1327 1328 14
1325 1329 14
1325 1330 14
1322 1328 14
1322 1329 14
1334 1335 14
1334 1336 14
552 1338 14
1339 54 14
1340 1341 14
1343 152 2
1343 825 2
1343 1344 2
1345 468 2
1346 1347 14
1346 1348 14
1349 1351 14
1347 1346 14
1352 1354 14
1355 1356 14
1357 1355 14
1358 1359 14
1360 1358 14
1365 1366 14
1368 1369 14
1368 1370 14
1372 1373 14
1374 1375 14
1374 1376 14
1375 1377 14
1378 1353 14
1378 1349 14
1379 1380 14
1381 1353 14
1383 1363 14
1383 1373 14
1384 1364 14
1384 1352 14
1348 1353 14
840 1386 14
1351 1348 14
1351 1387 14
1377 1357 14
1369 1368 14
1369 1391 14
1359 1371 14
1392 866 14
1393 1394 14
1393 1395 14
1393 1396 14
1393 1397 14
1398 1399 14
1398 1400 14
1398 1397 14
1401 1402 14
1401 1403 14
1401 1404 14
1404 1405 14
1404 1406 14
1404 1407 14
1404 1408 14
1406 1398 14
1406 1409 14
1406 1400 14
1406 1397 14
1396 1410 14
1396 1401 14
1396 1406 14
1396 1411 14
1411 1405 14
1411 1412 14
1411 1413 14
1411 1414 14
1415 1412 14
1415 1395 14
1415 1410 14
1415 1398 14
1416 1417 14
1416 1418 14
1416 1401 14
1414 1402 14
1414 1394 14
1414 1398 14
1414 1401 14
1419 1405 14
1419 1421 14
1419 1409 14
1422 1423 14
1422 1398 14
1422 1406 14
1408 1396 14
1408 1422 14
1408 1409 14
1408 1400 14
1424 1405 14
1424 1394 14
1424 1423 14
1424 1401 14
1400 1413 14
1400 1416 14
1400 1407 14
1400 1409 14
1391 1426 14
1427 1346 14
1428 1429 14
1428 1354 14
1430 1431 14
1430 1432 14
1373 1433 14
1373 1361 14
1356 1361 14
1380 1381 14
1436 1437 14
1438 1439 14
1438 1440 14
1441 1365 14
1442 1364 14
1442 1374 14
1443 1441 14
1445 1391 14
1445 1446 14
1376 1363 14
1447 1381 14
1447 1427 14
1446 1439 14
1446 1448 14
1354 1352 14
1354 1428 14
1439 1449 14
1439 1440 14
1449 1431 14
1452 1454 14
1452 1256 14
1452 311 14
1452 1455 14
1456 785 2
394 397 14
394 405 14
394 398 14
1461 1462 33
1461 973 45
1463 1464 14
1465 1466 14
1465 1467 14
1465 1468 14
1465 1469 14
1470 1471 14
1470 307 14
1470 1274 14
1470 1455 14
1472 1473 14
1474 1475 14
1477 1478 14
1480 1481 14
1480 1482 14
1480 1483 14
1483 1481 14
1483 1485 14
1483 1486 14
1483 1487 14
1488 1485 14
1488 1489 14
1488 1490 14
1487 1491 14
1487 1492 14
1487 1480 14
1494 1495 14
1494 1496 14
1494 1483 14
1494 1486 14
1497 1490 14
1497 1487 14
1497 1498 14
1499 1496 14
1499 1500 14
1499 1501 14
1499 1486 14
1502 1496 14
1502 1485 14
1502 1503 14
1502 1486 14
1504 1505 14
1504 1506 14
1504 1486 14
1504 1487 14
1507 1495 14
1507 1489 14
1507 1508 14
1507 1497 14
1511 299 14
1511 1512 14
1513 1514 14
1513 1515 14
1513 1516 14
1513 284 14
1517 1518 14
1517 1519 14
1517 1520 14
294 295 14
1521 1523 14
1521 1284 14
1521 1524 14
1521 1310 14
1521 1525 14
1521 1526 14
1521 1527 14
1521 1528 14
1529 1530 14
1529 334 14
1529 1531 14
1254 1532 14
350 360 14
350 353 14
350 362 14
1534 1535 14
381 1536 14
381 377 14
1537 1244 14
1537 1538 14
1539 1541 14
1542 189 2
1543 403 14
1543 400 14
1543 1545 14
1547 1548 14
1547 1549 14
1550 1551 14
1552 9 14
1553 1338 14
1553 1554 14
1555 1342 14
1556 1557 14
1556 35 14
1468 282 14
1468 1558 14
1468 1559 14
1561 1524 14
1561 1525 14
1561 1289 14
1561 1562 14
1561 1563 14
1561 1315 14
1561 1564 14
1561 1565 14
1561 1566 14
1567 1113 34
1567 1569 45
1514 1570 14
1514 283 14
1514 284 14
1514 1571 14
1514 1572 14
1573 1574 0
1573 1575 0
1573 228 25
1576 1557 14
1576 31 14
397 1577 14
397 1263 14
397 394 14
397 1266 14
397 404 14
1578 1579 14
1578 1253 14
1578 1580 14
351 1581 14
351 365 14
351 353 14
1585 1136 14
1585 1586 14
1587 1339 14
1588 1339 14
1589 54 14
1590 55 14
1591 55 14
1592 75 14
1592 1593 14
1594 99 14
1594 1595 14
1596 1597 14
1041 1598 14
1041 1595 14
1599 1598 14
1599 99 14
1600 75 14
1600 99 14
1601 1602 14
1595 99 14
1595 1601 14
1605 299 14
1605 1606 14
320 1607 14
320 287 14
320 314 14
1454 1608 14
1454 1609 14
1454 1272 14
1454 1274 14
1610 1611 14
1610 1612 14
1524 1613 14
1524 1614 14
1524 1561 14
1524 1615 14
1524 1616 14
1524 1617 14
1524 1285 14
1524 1528 14
1618 1619 14
1618 1570 14
1618 1620 14
1618 1559 14
1621 1622 14
1621 1302 14
1621 1623 14
1621 1521 14
1621 1309 14
1621 1624 14
1621 1625 14
1621 1626 14
1627 409 14
270 260 14
270 254 14
1629 1631 14
1632 1633 14
1632 1634 14
1635 1636 14
1635 1634 14
1637 1638 14
1638 1637 14
1639 1641 14
1643 1644 14
1643 1645 14
388 1646 14
388 1647 14
1648 324 14
1648 1649 14
1648 1650 14
1648 1651 14
1648 317 14
1652 1653 14
1652 295 14
1654 1655 2
1656 1657 26
1656 1658 33
1469 1660 14
1469 1466 14
1469 285 14
1469 1661 14
1663 33 14
1515 1468 14
1515 1467 14
1515 1667 14
1515 1668 14
1515 1559 14
1669 941 0
1671 409 14
1672 582 0
1674 1675 23
1676 248 2
1676 1677 34
1678 485 26
1679 273 0
1609 1682 14
1609 1683 14
1609 1274 14
1609 1471 14
1609 1608 14
1685 1686 29
1689 1690 0
1691 646 2
1693 1694 22
1695 1696 26
1695 1697 0
1698 1699 22
1698 1700 2
1701 1702 0
1704 1705 26
1706 1275 14
1706 1707 14
1708 1710 14
1711 1712 22
1713 145 2
1713 199 33
1715 526 2
1717 1718 45
1719 787 2
1719 1720 24
1721 1723 22
1724 123 2
1724 1725 33
1726 1727 2
1726 629 2
1728 1729 22
1730 879 33
1730 1731 0
1732 644 2
1732 672 34
1735 1736 14
1735 1737 14
1738 1562 14
1738 1285 14
1738 1300 14
1738 1563 14
1738 1301 14
1738 1739 14
1740 1741 14
1742 57 2
9 1744 14
1505 1496 14
1505 1504 14
1505 1507 14
1746 1471 14
1746 308 14
1746 1608 14
1746 1747 14
1746 1256 14
354 355 14
354 357 14
1530 1537 14
1530 341 14
1748 1749 14
1748 370 14
1748 1750 14
1748 375 14
1748 1249 14
1753 1496 14
1753 1500 14
1753 1499 14
1754 1561 14
1754 1309 14
1754 1285 14
1754 1314 14
1754 1301 14
1754 1755 14
1754 1756 14
1482 1490 14
1482 1503 14
334 335 14
334 1244 14
1644 1757 14
1644 1549 14
1471 1683 14
1471 1758 14
1471 1759 14
1471 1455 14
1760 1761 14
1762 1763 0
1475 1474 14
1475 1766 14
1335 1768 14
1769 1770 14
1771 1772 14
1775 1550 14
1775 1776 14
366 1777 14
366 1581 14
366 367 14
1779 1780 29
1781 1782 14
1781 1783 14
1784 1744 14
1784 1785 14
1309 1521 14
1309 1738 14
1309 1786 14
1309 1311 14
1309 1525 14
1309 1315 14
1309 1787 14
1309 1528 14
1309 1305 14
39 1788 14
39 1789 14
1624 1308 14
1624 1527 14
1624 1564 14
1624 1286 14
1624 1791 14
1624 1305 14
1624 1306 14
1792 316 14
1792 1650 14
1792 329 14
1792 317 14
1310 1754 14
1310 1311 14
1310 1304 14
1310 1301 14
1310 1286 14
1310 1793 14
1310 1794 14
1310 1795 14
1291 1796 14
1291 1304 14
1291 1797 14
1291 1787 14
1291 1798 14
1291 1286 14
1291 1566 14
1799 1800 14
1799 1034 14
1801 1769 14
1801 1551 14
1802 1803 14
1802 1667 14
1802 1559 14
1788 39 14
1804 1805 14
1804 1806 14
1807 1787 14
1807 1564 14
1807 1755 14
1807 1565 14
1807 1288 14
1807 1739 14
1807 1613 14
1807 1290 14
1785 1808 14
1810 1138 14
1810 1139 14
1811 104 14
1811 1812 14
104 105 14
1813 1814 14
1813 1810 14
1139 105 14
1815 1810 14
1815 1813 14
1138 1815 14
1138 1816 14
1817 1814 14
1817 1137 14
1818 1139 14
1818 1815 14
1819 1810 14
1820 1811 14
1816 1821 14
1812 1810 14
1812 1815 14
1786 1796 14
1786 1299 14
1786 1621 14
1786 1822 14
1786 1314 14
1786 1564 14
1786 1626 14
385 381 14
385 384 14
1823 1276 14
1823 1824 14
1823 369 14
1823 1825 14
359 351 14
359 1826 14
1777 350 14
1777 364 14
1495 1481 14
1495 1490 14
1495 1827 14
1495 1497 14
1828 1829 24
390 1263 14
390 395 14
390 396 14
390 401 14
390 1830 14
1606 1831 14
1832 1512 14
1833 1835 0
1311 1524 14
1311 1309 14
1311 1304 14
1311 1616 14
1311 1289 14
1311 1562 14
1311 1288 14
1311 1305 14
379 378 14
379 381 14
1265 394 14
1265 402 14
1265 1836 14
1265 399 14
395 1837 14
395 407 14
395 387 14
395 399 14
1536 378 14
1536 1532 14
360 1581 14
360 1838 14
321 289 14
321 328 14
321 287 14
321 327 14
1839 1605 14
1839 1512 14
1056 773 14
1056 774 14
1056 1092 14
1056 776 14
1056 777 14
1056 1084 14
1056 1065 14
1840 1841 14
1840 1842 14
1843 261 14
1843 1844 14
1843 1845 14
260 1846 14
260 276 14
260 1847 14
260 1844 14
276 1848 14
276 1849 14
276 254 14
276 264 14
256 253 14
256 261 14
256 1843 14
256 264 14
1850 1852 14
1853 1854 22
1855 1857 14
1858 202 2
1660 1468 14
1660 284 14
1660 285 14
1570 1513 14
1570 1468 14
1570 1859 14
1570 1860 14
1707 1864 14
1864 1275 14
1864 1293 14
34 31 14
35 1865 14
1866 1557 14
32 1867 14
32 39 14
1867 1868 14
33 37 14
33 1868 14
1789 39 14
1869 140 26
1869 1870 22
1516 1513 14
1516 1859 14
1516 1660 14
1516 1668 14
1516 1871 14
283 1618 14
283 1872 14
283 1668 14
283 1873 14
1466 1465 14
1466 1468 14
1466 1872 14
1466 1619 14
1466 1874 14
1875 1468 14
1875 1515 14
1875 1876 14
1875 1559 14
1874 1466 14
1874 1667 14
1874 1876 14
284 1465 14
284 1619 14
284 1467 14
284 1877 14
284 1873 14
1467 1514 14
1467 1859 14
1467 1874 14
1467 1661 14
1467 1571 14
1667 1465 14
1667 1513 14
1667 284 14
1667 1571 14
1667 1860 14
1668 1513 14
1668 1859 14
1668 1558 14
1878 1468 14
1878 1514 14
1878 1619 14
1878 282 14
285 1513 14
285 1514 14
285 282 14
285 1667 14
1661 1465 14
1661 1859 14
1661 1668 14
1879 1880 14
1879 1667 14
1879 1661 14
1879 1876 14
1879 1571 14
1881 1859 14
1881 282 14
1881 1660 14
1881 1466 14
1881 1874 14
1558 1465 14
1558 1802 14
1558 1872 14
1558 1570 14
1876 1515 14
1876 1802 14
1876 1660 14
1876 1466 14
1876 1871 14
1882 37 14
1882 1883 14
1868 1269 14
1884 1269 14
45 1663 14
1883 1270 14
1885 1550 14
1885 1760 14
1886 1885 14
1761 1770 14
1551 1761 14
1551 1887 14
1770 1885 14
1889 1775 14
1890 1775 14
1890 1761 14
1892 1893 14
1894 1280 14
1894 1891 14
1895 1891 14
1895 1894 14
1893 1891 14
1893 1894 14
1297 1892 14
1297 1896 14
1897 1891 14
1897 1895 14
1549 1644 14
1902 1548 14
1902 1643 14
1903 1645 14
1903 1904 14
1905 1906 14
1905 1296 14
1907 1645 14
1906 1905 14
1908 1662 14
1909 8 14
1744 1808 14
1744 1784 14
1910 1908 14
1910 9 14
1808 1552 14
1911 1580 14
1911 331 14
1911 289 14
1911 1792 14
1912 293 14
1912 1913 14
1914 1606 14
305 1832 14
305 304 14
1915 294 14
1915 1916 14
1915 293 14
1653 306 14
1512 1605 14
399 397 14
399 406 14
399 401 14
399 398 14
399 391 14
1917 1912 14
1917 1918 14
1917 295 14
1913 1919 14
1913 303 14
1913 1915 14
1918 1652 14
1920 1471 14
1920 1921 14
1920 1922 14
1920 1923 14
311 1924 14
311 1255 14
311 307 14
311 1273 14
311 1925 14
1758 1682 14
1758 1471 14
1758 309 14
1758 307 14
1758 1258 14
1257 1926 14
1257 1927 14
1257 1258 14
1928 310 14
1928 1454 14
1928 1922 14
1928 307 14
1928 1274 14
1272 310 14
1272 1271 14
1272 1452 14
1272 1924 14
1272 1929 14
1927 1925 14
1927 1256 14
1927 1759 14
1927 1259 14
1927 1930 14
1273 1682 14
1273 1746 14
1273 1257 14
1273 307 14
1273 1759 14
1258 1931 14
1258 1921 14
1258 1255 14
1258 1927 14
1258 1273 14
1925 307 14
1925 1273 14
1925 1256 14
1925 1930 14
1925 1454 14
1274 1257 14
1274 1930 14
1274 1455 14
1274 1454 14
1932 1925 14
1932 1933 14
1932 1470 14
1932 1922 14
1932 1929 14
1933 1683 14
1933 1273 14
1933 1274 14
1933 1455 14
1933 1470 14
1934 468 2
1934 1935 26
1253 332 14
1253 327 14
1253 326 14
1253 1578 14
290 1648 14
290 1649 14
290 1938 14
290 329 14
322 1262 14
322 320 14
322 1648 14
322 330 14
291 1607 14
291 1649 14
291 1938 14
291 322 14
291 318 14
332 1262 14
332 1607 14
332 324 14
292 1651 14
292 327 14
325 1262 14
325 1648 14
325 314 14
325 332 14
325 292 14
1651 316 14
1651 321 14
1651 1580 14
1651 1252 14
1651 324 14
1298 1939 14
317 321 14
317 331 14
317 1938 14
317 314 14
1940 1941 14
1759 1927 14
1759 1925 14
1759 1929 14
1942 1263 14
1942 403 14
1942 390 14
1942 400 14
1942 391 14
1943 1671 14
1944 1537 14
1944 335 14
1945 1529 14
1945 333 14
1538 1531 14
1538 1946 14
1947 1530 14
1947 340 14
1948 1244 14
1948 338 14
1948 339 14
1949 1530 14
1949 334 14
1949 1538 14
1950 336 14
1950 341 14
1951 561 26
1247 1823 14
1247 1248 14
1247 369 14
1247 1278 14
1954 349 14
1954 358 14
362 1581 14
362 358 14
362 1955 14
356 354 14
356 366 14
356 1956 14
1957 360 14
1957 1581 14
1826 366 14
1826 359 14
1826 364 14
1956 1581 14
357 363 14
1955 350 14
1955 351 14
1955 1838 14
1958 1627 14
1958 410 14
1959 1960 14
1959 371 14
1959 1961 14
1959 1962 14
1959 376 14
1963 1248 14
1963 1278 14
1963 1964 14
1963 375 14
1965 368 14
1965 1966 14
1965 1249 14
1965 376 14
1749 1277 14
1749 369 14
1749 372 14
1749 1963 14
1749 1965 14
1966 1247 14
1966 1965 14
1966 1251 14
1966 371 14
370 1278 14
370 1959 14
370 1967 14
370 375 14
370 1250 14
1251 369 14
1251 1959 14
1251 1966 14
1251 375 14
1967 1276 14
1967 368 14
1967 1750 14
1967 1249 14
1967 376 14
374 1966 14
374 1750 14
374 1250 14
374 376 14
1750 1959 14
1750 1964 14
1750 371 14
1750 376 14
1279 1748 14
1279 1968 14
1279 1964 14
1279 376 14
1825 1276 14
1825 369 14
1825 1968 14
1969 1825 14
1969 1961 14
1969 1247 14
1969 1248 14
1969 1968 14
1964 1278 14
1964 1250 14
1964 376 14
375 1246 14
375 1748 14
375 1824 14
375 368 14
1960 1748 14
1960 1970 14
1960 368 14
1960 1825 14
371 1276 14
371 1968 14
371 1965 14
371 374 14
371 1825 14
1961 1748 14
1961 1248 14
1961 1278 14
1961 370 14
1961 374 14
1962 1247 14
1962 1824 14
1962 372 14
1962 1959 14
1962 1250 14
1249 1279 14
1249 1250 14
1249 376 14
295 1919 14
295 1916 14
295 1971 14
1647 1254 14
1647 385 14
1972 1254 14
1972 381 14
376 1748 14
376 1967 14
376 374 14
376 1825 14
402 397 14
402 396 14
402 391 14
402 392 14
402 1973 14
1837 403 14
1837 395 14
1837 1267 14
1837 405 14
1830 394 14
1830 1266 14
1830 1974 14
1830 1268 14
1830 402 14
1264 403 14
1264 400 14
1264 1267 14
1975 1543 14
1975 1976 14
1975 1267 14
1975 406 14
1975 392 14
392 1976 14
392 407 14
392 398 14
392 399 14
1977 397 14
1977 1265 14
1977 1978 14
1977 391 14
1973 1543 14
1973 397 14
1973 1979 14
1973 389 14
1836 1974 14
1836 1978 14
1836 1837 14
1836 1830 14
1577 1263 14
1577 390 14
1577 1979 14
1577 404 14
1577 1836 14
407 1979 14
407 391 14
407 387 14
407 399 14
398 1263 14
398 1543 14
398 397 14
1930 1683 14
1930 307 14
1930 1258 14
1930 1759 14
1930 1455 14
1455 1608 14
1455 311 14
1455 1272 14
1980 1981 14
1980 1982 14
1983 1324 14
1304 1314 14
1304 1564 14
1304 1286 14
1304 1624 14
1304 1786 14
1304 1523 14
1304 1302 14
1924 1256 14
1924 311 14
1924 1455 14
1924 310 14
1924 1926 14
1989 1991 2
1824 1823 14
1824 1247 14
1824 1963 14
1824 1964 14
1824 372 14
1580 315 14
1580 323 14
1580 325 14
1992 152 2
1992 1993 22
1994 1995 33
1997 1998 14
1997 1999 14
1997 2000 14
2001 2003 33
1557 1707 14
1557 35 14
1581 349 14
1581 358 14
2004 1854 24
2006 632 22
2006 208 25
2006 491 37
1485 1500 14
1485 1827 14
1485 1492 14
2008 2009 14
2008 2010 14
1976 1267 14
1976 1268 14
1976 1978 14
1976 404 14
1976 396 14
1919 1653 14
1919 1913 14
330 1578 14
330 1650 14
330 328 14
330 322 14
1880 1859 14
1880 1660 14
1880 1516 14
1880 1667 14
1880 1558 14
2011 189 2
1252 1262 14
1252 320 14
1252 321 14
1252 329 14
1831 1605 14
1831 1512 14
2012 1897 14
2013 164 26
2013 2014 33
367 1316 14
367 362 14
1266 395 14
1266 400 14
1266 1978 14
1266 393 14
1266 392 14
1531 1529 14
1531 338 14
1623 1622 14
1623 1291 14
1623 1528 14
1623 1301 14
1623 1798 14
1623 1564 14
1623 1755 14
1623 1791 14
1623 1306 14
2015 1915 14
2016 384 14
2016 377 14
331 320 14
331 1253 14
1872 1876 14
1872 1871 14
1872 1513 14
1572 1465 14
1572 1468 14
1572 1514 14
1572 1466 14
2018 785 2
2018 199 33
2018 2019 24
1294 1275 14
1294 1293 14
2020 1575 0
1614 1315 14
1614 1756 14
1614 1565 14
1614 1791 14
1614 1613 14
1614 1312 14
1277 1248 14
1277 1959 14
1277 1279 14
1429 1361 14
1429 1352 14
2023 2024 14
1921 1682 14
1921 1256 14
1921 1273 14
1921 1932 14
1921 1455 14
2024 2025 14
2024 1943 14
1548 1901 14
2026 164 26
2026 2027 2
2028 281 33
2028 485 26
2029 2030 0
2029 2031 0
2034 2035 24
2034 1569 45
337 1530 14
337 1531 14
337 341 14
2045 821 0
2045 57 2
2046 2048 2
2055 2056 14
2055 2057 14
2055 2046 14
2062 170 29
2063 2064 14
2063 2065 14
2069 2070 14
2069 2071 14
2072 47 2
2072 529 2
2073 2074 14
2073 2075 14
2076 2078 14
2079 2080 0
2081 2082 2
2081 2076 14
2081 2078 14
2083 2084 22
2083 2085 24
2083 2086 0
2083 2087 0
2090 2091 2
2090 2092 0
2094 2095 2
2098 2099 0
2098 608 2
2100 2104 0
2105 91 25
2107 2108 0
2112 2061 14
2114 1737 14
2114 2115 14
2116 2117 2
2120 2121 33
2124 139 2
2124 202 2
585 2126 14
2130 2131 14
2132 281 33
2136 228 25
2138 2126 14
2138 2139 14
2126 2144 2
2148 684 2
2149 1856 14
2149 2150 14
2151 2152 39
2153 585 14
2153 2154 14
2155 1804 14
2155 2156 14
2157 2158 14
2159 2160 14
2159 2161 14
2162 2163 14
509 508 14
509 1850 14
2164 2165 14
2164 2166 14
2164 2167 14
2168 2169 14
2168 2170 14
2171 2170 14
2171 2168 14
2175 2169 14
2175 2177 14
2178 2180 14
2182 2184 14
2185 2186 14
2185 553 14
2187 2188 14
2187 2189 14
2190 2191 24
2190 2192 0
2193 2194 14
2193 2195 14
2193 2196 14
2197 2198 14
2197 2199 14
2197 2200 14
2184 2196 14
2184 2167 14
2184 2202 14
2203 194 26
2204 2205 14
2204 2206 14
2209 2211 14
2212 189 2
2213 2217 14
2213 495 14
2218 2095 2
2220 965 2
2222 2171 14
2222 1857 14
2205 2224 14
2205 2225 14
2226 2152 39
2230 2231 14
2230 1553 14
2232 2196 14
2232 2167 14
2232 2202 14
2186 1338 14
2186 553 14
2234 2235 14
2234 1851 14
2238 2184 14
2238 2167 14
2240 184 2
2241 2242 2
2244 57 2
2246 1987 14
2247 2248 22
2247 2091 2
2250 223 2
2251 701 2
2169 2234 14
2254 2189 14
2254 2166 14
2202 2164 14
2202 2187 14
2257 2258 14
2259 2260 14
2261 2263 33
2264 2265 14
2264 2266 14
2267 2268 14
2156 2273 14
2156 1806 14
1602 2274 14
1602 1041 14
2165 2195 14
2165 2238 14
2165 2189 14
2276 2277 26
2276 2278 26
2279 2280 14
2188 2195 14
2188 2202 14
2281 2155 14
2282 2008 14
2282 2283 14
308 1929 14
308 1273 14
308 1455 14
2286 2185 14
2286 552 14
2194 2188 14
2194 2287 14
2289 2290 14
2289 2291 14
2296 2297 2
2299 139 2
2299 607 0
2300 2100 14
2301 2230 14
2301 552 14
2303 2304 14
2303 2305 14
2306 31 14
2306 2307 14
2308 2309 14
2310 2311 0
2310 2312 0
2313 2314 14
2315 2316 14
2315 2317 14
2315 2318 14
2319 2320 14
2319 2321 14
2322 2323 14
2322 2305 14
2323 2322 14
2323 2304 14
2304 2323 14
2304 2324 14
1486 1481 14
1486 1487 14
1486 2325 14
2326 2327 2
2326 644 2
2331 431 24
2333 184 2
2333 825 2
2335 797 33
2337 842 14
2337 2338 14
2337 849 14
2337 854 14
2342 202 2
2344 2345 0
2344 2346 0
2344 2347 0
2349 2350 2
2351 1806 14
259 253 14
259 265 14
259 268 14
259 1847 14
2352 1806 14
1852 2353 14
1852 2330 14
2354 2355 14
2354 2330 14
2356 508 14
2356 1852 14
510 2356 14
510 2357 14
2358 509 14
2358 2359 14
2360 1850 14
2361 2362 14
2361 2330 14
2355 2330 14
2357 508 14
2357 509 14
2363 1850 14
2287 2238 14
2287 2365 14
2366 510 14
2366 2357 14
2365 2184 14
2365 2287 14
2320 2339 14
2320 2368 14
1117 159 26
2369 755 14
2369 2370 14
2371 621 0
2371 1575 0
2375 2352 14
2375 2376 14
2378 2379 0
2381 2383 39
2381 2384 37
2385 2386 29
2388 57 2
2389 526 2
2390 2391 33
2394 2395 14
2394 2184 14
2396 526 2
2396 2397 0
2400 2401 0
2400 166 2
2405 184 2
2406 2407 23
2408 2409 34
2412 2413 24
2412 2414 22
619 2415 14
2416 2417 14
2416 2418 14
2419 2420 14
2419 2418 14
2421 2422 14
2424 1806 14
2180 2425 14
2180 2225 14
2235 2175 14
2189 2394 14
2189 2202 14
2428 2429 22
2430 1113 34
2432 2235 14
2432 2433 14
2434 2175 14
2436 2437 14
1191 1192 14
1191 1189 14
1190 2438 14
1190 2439 14
2440 2441 14
2440 2442 14
2440 2443 14
2444 2445 14
2444 2446 14
2444 2447 14
2448 2444 14
2448 2449 14
2450 2073 14
2450 2442 14
2074 2446 14
2074 2075 14
2443 2445 14
2443 2448 14
2443 2074 14
2452 2453 14
2452 2443 14
2454 2444 14
2454 2446 14
2447 2444 14
2447 2455 14
2447 2441 14
2446 2450 14
2446 2453 14
2446 2456 14
2455 2454 14
2455 2453 14
2453 2454 14
2453 2447 14
2453 2455 14
2456 2447 14
2456 2445 14
2441 2450 14
2441 2074 14
2441 2453 14
2449 2450 14
2449 2443 14
2449 2457 14
2442 2074 14
2442 2452 14
2461 2462 14
2463 2464 14
2463 2465 14
2466 2467 14
2466 2468 14
2465 2471 14
2268 2472 14
496 2472 14
496 1241 14
2473 2474 14
2468 2469 14
2475 2476 14
2477 2478 14
2479 2480 14
2481 2468 14
2471 2464 14
2482 2463 14
2482 2477 14
2483 2484 14
2485 2486 14
2487 2488 14
2490 607 0
2490 232 26
2490 2491 26
1857 2170 14
2492 47 2
2492 2494 22
2496 176 2
2496 2497 0
2496 485 26
2498 2195 14
1783 2502 14
1783 2503 14
2504 1783 14
2504 2505 14
2506 2507 14
2509 2510 14
2511 2506 14
2507 2510 14
714 740 14
714 736 14
714 727 14
714 722 14
714 743 14
737 724 14
737 730 14
737 717 14
737 719 14
743 717 14
743 738 14
743 736 14
2512 739 14
2512 707 14
2512 715 14
2512 727 14
2166 2202 14
2513 701 2
2514 2515 29
2517 2424 14
2395 2232 14
2395 2193 14
2518 2519 0
2520 2521 14
2522 1045 14
2522 2523 14
2524 2526 14
2527 2528 14
2527 2526 14
2529 2530 14
2529 761 14
2531 2301 14
2532 2529 14
2532 2533 14
1929 1920 14
1929 1925 14
1929 1759 14
1929 1259 14
1929 1455 14
2534 1856 14
2534 2150 14
2170 2175 14
2170 2171 14
2536 57 2
2536 2537 22
2538 2539 14
2540 2539 14
2541 2526 14
2541 2542 14
2533 2543 14
768 757 14
768 2544 14
2545 2547 14
2548 2549 22
2550 228 25
2552 199 33
2555 2556 39
2557 2559 14
2557 2560 14
2561 248 2
2562 2563 2
2565 1935 26
2565 2566 33
2567 2568 36
2569 2570 34
2569 2571 36
2569 2572 36
2569 199 33
2573 2574 2
2573 2575 2
2576 198 2
2577 2578 0
2579 2580 0
2579 228 25
2583 2585 22
2586 2429 22
2586 2587 0
2590 2327 2
2590 2591 0
2597 2599 22
2600 416 2
2601 2602 0
2601 2603 26
2601 164 26
2606 701 2
2607 2609 14
2612 2613 22
2614 2615 0
2614 1344 2
2616 468 2
2620 420 2
2621 2622 0
2625 526 2
2631 2632 0
2631 591 0
2631 2633 0
2634 167 2
2634 2635 2
2636 687 2
2639 2640 14
2641 2642 39
2644 115 2
2647 687 2
2647 785 2
2649 228 25
2652 2654 26
2652 2655 26
2652 228 25
2656 875 26
2658 2661 37
2663 2091 2
2668 684 2
2668 2672 33
2673 2675 14
2676 2678 14
2679 2680 14
2681 634 2
2682 2683 14
2684 629 2
2691 2692 39
2695 2418 14
2701 1104 2
2702 1219 2
2703 2297 2
2708 2144 2
2708 2329 14
2709 139 2
2709 145 2
2709 2491 26
2710 2711 14
2710 2712 14
2713 598 26
2713 485 26
2717 47 2
2717 208 25
2719 2721 14
2722 623 0
2724 2725 2
2724 228 25
2270 2726 14
2731 681 2
2732 639 2
2733 2144 2
2734 2735 14
1571 285 14
1571 1876 14
1571 1802 14
1571 1572 14
1571 1859 14
1326 2740 14
1326 2741 14
2743 2744 29
2743 2745 29
2746 1597 14
2746 2747 14
2748 2749 29
2748 2750 29
2751 630 34
2752 2753 14
2757 124 2
2757 2758 36
2763 2764 29
2769 2771 29
2772 123 2
2772 2773 2
2772 152 2
2775 701 2
2776 2777 36
2776 2778 36
2779 2780 29
2779 2771 29
2782 2784 0
2782 2785 14
2789 2790 0
2791 2091 2
2792 184 2
2792 2793 2
2792 973 45
2792 2794 34
2792 2795 34
2798 2800 14
2801 119 14
2801 2802 14
2801 553 14
2805 57 2
2805 184 2
2808 2809 29
2810 2811 34
2810 91 25
2812 2813 0
2814 1574 0
2816 2817 2
2818 2346 0
2818 2819 0
2820 232 26
553 117 14
2821 1554 14
2822 198 2
2822 2758 36
2825 1344 2
2827 2828 0
2829 2830 26
2835 2837 22
2838 313 2
2841 2842 14
2841 2843 14
2841 2844 14
2841 2845 14
2846 463 2
2848 2850 14
2848 2851 14
2848 2852 14
2848 2853 14
2854 2855 29
2859 57 2
2859 2860 14
2859 2861 14
2859 2862 14
2859 2850 14
2859 2853 14
2863 2864 14
2866 112 29
2867 2868 2
2869 561 26
2871 682 34
2872 2860 14
2872 2874 14
2872 2875 14
2876 544 26
2842 2878 14
2842 2879 14
2842 2880 14
2842 2848 14
2842 2859 14
2853 2842 14
2853 2844 14
2853 2859 14
2853 2880 14
2853 2872 14
2884 2885 26
2884 2886 24
2887 561 26
2887 2888 14
2892 2893 14
2894 184 2
2894 208 25
2896 202 2
2896 2897 0
2896 194 26
2896 2898 24
2900 57 2
2903 2091 2
2904 2905 14
2906 47 2
2906 2907 24
2908 2790 0
2909 194 26
2909 2914 25
2915 2917 0
2918 1705 26
2923 2925 0
2929 2930 14
2931 476 29
2934 2935 2
2938 2939 14
2940 2941 14
2943 2944 14
2945 2943 14
2946 2930 14
2947 561 26
2947 544 26
2948 2130 14
2948 2944 14
2949 57 2
2950 2941 14
2951 2952 26
2954 2955 14
2956 2957 25
2958 2959 2
2955 2942 14
2930 2942 14
2961 2962 2
2963 208 25
2967 2968 2
2969 2950 14
2969 2944 14
2970 2297 2
2973 2974 0
2973 2975 0
2973 2976 37
2977 2978 34
2979 2980 0
2979 2099 0
2979 2981 0
2985 2986 0
2933 2939 14
2987 1122 2
2987 139 2
2987 2086 0
2989 826 2
2989 2990 26
2939 2991 14
2991 2954 14
2991 2939 14
2998 2999 29
2941 2969 14
3000 3001 26
3003 529 2
3003 3004 34
3007 561 26
3008 3009 2
3008 202 2
3010 3011 26
3013 629 2
3014 3015 22
3014 14 0
3017 57 2
3018 3020 29
3021 3022 22
3026 636 2
3027 3028 26
3027 3029 34
3033 3034 2
3038 3040 22
3041 3042 2
3043 3044 22
3043 1854 22
3048 202 2
3051 1686 29
3052 313 2
3053 526 2
3055 3056 39
3055 3057 0
3058 3059 22
3058 3060 26
3063 3064 26
3063 3065 24
3066 3068 14
3069 3070 0
3069 485 26
3071 3072 14
3073 3074 39
3075 3076 39
3078 3079 39
3080 701 2
3080 3082 29
3083 3084 2
3083 3085 24
3086 3087 0
3086 3088 0
3086 3089 26
3091 3093 14
3094 2556 39
3095 2861 14
3095 3096 14
3095 3097 14
3095 2841 14
3095 2845 14
3098 3101 14
3098 3102 14
3109 3110 0
3111 2409 34
3113 1686 29
3114 3115 14
3118 3119 29
3120 3121 2
3120 1700 2
3120 3122 22
3125 529 2
3125 3126 23
3125 3127 23
3128 3129 22
3130 3131 22
3132 57 2
3132 199 33
3133 3134 0
3133 3135 0
3136 3137 39
3139 3140 29
3141 113 29
3143 3144 14
3145 3146 0
3145 3147 0
3145 57 2
3148 3149 22
3148 3150 0
3151 184 2
3155 3156 2
3157 2502 14
3158 3159 14
3158 3160 14
3161 2551 33
3162 152 2
2888 160 0
3172 3173 25
3175 3177 25
3178 3140 29
3179 3180 26
3184 3185 24
3184 3186 24
3187 3189 14
3199 167 2
3201 3202 0
3201 2897 0
3201 3203 0
3204 2813 0
3204 2379 0
3204 2975 0
3205 3207 45
3210 644 2
3212 3213 39
3212 3215 26
3216 3217 0
3216 469 2
3216 232 26
3218 3221 24
3222 159 26
3224 2429 22
3225 825 2
3225 2082 2
3225 3226 25
3227 3156 2
3230 91 25
3237 3238 2
3237 248 2
3239 115 2
3242 196 25
3245 3246 2
3247 3249 0
3247 487 0
3247 3250 0
3251 184 2
3255 2914 25
3257 785 2
3257 3258 2
3259 3260 26
3259 3261 22
3262 2327 2
3262 1569 45
3262 671 33
3262 1229 34
3264 115 2
3264 1219 2
3264 3265 0
3264 3266 0
3264 3267 33
3270 3271 0
3272 208 25
3272 3274 24
3280 1141 14
3280 3281 14
3282 3284 14
3285 3286 14
3290 3291 23
3292 202 2
3293 3294 0
3293 198 2
3295 644 2
3297 792 2
3297 2027 2
3297 3298 0
3297 140 26
3300 3301 2
3302 3303 0
3302 3304 0
3307 3309 36
3310 2790 0
3312 3313 29
3315 561 26
3322 2290 14
3324 2358 14
3324 2360 14
3325 3326 0
3327 3303 0
3327 3328 0
3330 2384 37
3334 2091 2
3334 2082 2
3335 3336 0
3338 901 39
3338 3339 22
3342 3343 2
3344 1168 26
3344 196 25
3345 3347 14
3348 3349 0
3348 57 2
3352 1854 24
3365 3366 2
3365 1569 45
3368 516 2
3368 3370 39
3373 3375 0
3378 17 2
3378 3380 34
3381 242 2
3381 965 2
3381 3382 26
3383 3384 14
3385 2725 2
3385 3386 24
3387 3384 14
3388 3389 34
3390 3391 14
3393 3394 0
3393 228 25
3393 208 25
3396 3180 26
3396 2084 24
3396 906 39
3399 516 2
3399 629 2
3400 57 2
3402 1854 22
3403 3404 26
3403 3405 37
3406 3407 22
3406 3408 39
3406 906 39
3406 57 2
3409 3410 2
245 3411 2
3413 3414 22
3417 678 14
3418 57 2
3419 184 2
3419 3421 2
3419 1124 33
3425 3309 36
3426 3427 29
3428 2817 2
3430 3433 24
3434 3411 2
3434 614 2
131 3444 14
131 3445 14
3446 454 0
3446 516 2
3449 2692 39
3449 933 22
3451 3452 0
3451 3453 22
3451 57 2
3454 198 2
3454 965 2
3455 814 2
3455 3456 0
3459 821 0
3459 3460 0
3459 622 0
3461 821 0
3461 2784 0
3461 3463 14
3464 2897 0
3464 2429 22
3465 821 0
3465 3467 0
3465 516 2
3468 3469 14
3468 3470 14
3477 3301 2
3484 208 25
3488 463 2
3489 1021 0
3489 228 25
3493 91 25
3495 3496 37
3499 3500 34
3499 3501 34
3499 2572 36
3504 3506 14
3509 3510 14
3511 3512 14
3511 3513 14
3514 2974 0
3514 208 25
3514 3516 25
3517 3518 24
3517 3519 23
3517 3520 25
3521 212 2
3523 3526 0
3523 3527 0
3529 3531 45
3529 3532 23
3535 228 25
3535 3536 22
3537 1727 2
3539 3541 14
3542 3543 14
3542 3544 14
3233 3547 14
3233 3548 14
3233 3549 2
3550 821 0
3550 3552 14
3550 3553 14
3550 3554 14
3550 3555 14
3556 3557 22
3558 3559 0
3558 3560 0
3558 454 0
3558 3456 0
3564 3565 29
3566 463 2
3570 3571 24
3570 91 25
3572 3574 0
3577 814 2
3579 3580 24
55 1591 14
3585 3586 39
3587 199 33
3588 988 22
3588 3110 0
3591 485 26
3591 3592 34
3595 3596 34
3595 3597 14
3595 3598 14
3604 2019 22
3605 184 2
3607 3608 29
3611 3612 34
3611 3613 34
3614 228 25
3616 91 25
3621 3622 0
3621 3623 22
3624 3625 0
3626 184 2
3626 3627 22
3628 2642 39
3629 561 26
3629 3630 26
3629 1575 0
3629 3631 0
3629 3328 0
3632 184 2
3633 3635 2
3633 57 2
3636 469 2
3636 3637 26
3638 2327 2
3638 529 2
3639 3640 26
3642 3643 25
3644 3645 2
3646 595 34
3646 3560 0
3648 3649 14
3648 3650 14
3651 3652 34
3653 3654 0
3653 228 25
3657 3516 25
3657 3173 25
3658 468 2
3661 3662 41
3663 2144 2
3664 1569 45
3665 3666 0
3665 2925 0
3665 57 2
3665 228 25
3665 3667 37
3668 2027 2
3673 57 2
3677 3678 0
3677 1197 0
3681 701 2
3681 3682 29
3683 3684 22
3683 2248 22
3685 814 2
3685 3687 2
3685 3688 0
3690 3691 24
3690 469 2
3690 139 2
3696 3697 14
3698 3699 0
3703 17 2
3705 3707 0
3709 1593 14
3709 1601 14
3709 1595 14
3710 3711 14
3715 3666 0
3716 941 0
3716 3717 22
2177 2235 14
2177 1857 14
2433 2171 14
3718 152 2
3718 198 2
3719 621 0
3719 2813 0
3720 47 2
3721 3722 29
3726 3065 22
3726 3131 22
3732 3733 14
3734 3735 14
3736 825 2
3736 115 2
3738 3739 2
2195 2232 14
2195 2166 14
2195 2182 14
3744 629 2
3744 3745 39
3747 2725 2
3747 3001 26
3748 3749 0
3750 598 26
3753 160 0
3755 941 0
3755 3756 23
3759 3760 29
3761 3762 0
3763 3764 0
3768 1686 29
3769 248 2
3774 639 2
3776 3777 14
3776 3778 14
3779 3780 14
3777 1386 14
3787 3789 0
3790 3791 24
3793 3739 2
3794 2248 22
3795 2935 2
3795 3796 0
3795 879 33
3798 3799 14
3802 3798 14
3803 3804 14
3805 3806 14
3807 3808 14
3807 783 14
3799 3804 14
3810 3808 14
3811 3812 23
3811 3813 23
3812 681 45
3818 2817 2
3819 184 2
3820 3821 2
3822 123 2
3823 561 26
3823 3623 24
3827 3828 2
3827 184 2
3829 701 2
3830 3831 0
3830 3833 33
3834 1531 14
3834 340 14
3834 1950 14
1946 1949 14
340 337 14
340 335 14
340 1538 14
338 340 14
338 339 14
338 341 14
409 1939 14
409 1941 14
3837 3838 2
3841 3843 2
3844 3845 22
3844 3846 23
3844 3847 33
3844 3848 33
2070 3850 0
2070 2147 14
3852 152 2
3852 1219 2
3858 701 2
3859 965 2
3859 3520 25
3866 3867 2
3866 3868 25
3869 2632 0
3869 3870 0
3869 2099 0
3872 3873 0
3872 2784 0
3874 518 0
3874 3877 0
3881 3666 0
3881 228 25
3883 814 2
3890 526 2
3891 57 2
3895 1104 2
3895 544 26
3896 246 23
3896 3897 23
3898 1569 45
3900 3901 14
3908 701 2
3913 608 2
3913 3914 39
3916 2191 22
3917 2401 0
3923 3924 39
3928 526 2
3929 87 2
3929 202 2
3929 2491 26
3930 3931 2
3936 2813 0
3942 3943 24
3944 941 0
3945 561 26
3945 57 2
3946 160 0
3946 3947 0
3948 1152 26
3948 3949 0
3950 3951 2
3952 814 2
3957 57 2
3958 57 2
3960 2312 0
3960 57 2
3962 3963 0
3965 3966 39
3965 57 2
3965 3967 2
3968 3969 24
3970 3971 41
3972 3973 33
3972 485 26
3974 3627 24
3975 3976 2
3977 57 2
3978 3980 26
3981 3411 2
3982 526 2
3983 439 2
3984 57 2
3984 3985 26
3986 3313 29
3987 3988 22
3991 3992 14
3991 3993 14
3996 57 2
3996 3997 14
4000 4001 0
4000 4002 0
4006 4007 29
4010 2828 0
4010 3873 0
4010 208 25
4012 639 2
4012 202 2
4015 4016 26
4023 4024 2
4025 4026 2
4027 972 36
4027 973 45
4028 4030 0
4031 3213 39
4031 3643 25
4032 607 0
4032 273 0
4033 4035 22
4033 4036 39
4037 184 2
4037 4038 14
4040 136 2
4046 4047 2
4049 184 2
4051 228 25
4051 4052 22
4053 147 0
4055 2091 2
4060 228 25
4061 614 2
4061 4062 24
4063 3643 25
4063 4064 39
4066 202 2
4066 787 2
4068 4069 22
4071 526 2
3126 4073 36
4077 4079 39
4080 463 2
4083 202 2
4084 4085 14
4087 4088 24
4091 3947 0
4092 4093 0
4092 232 26
4092 4094 2
421 160 0
4099 4100 2
4101 159 26
4103 684 2
4103 941 0
4105 4106 14
4109 2813 0
4109 4110 37
4114 196 25
4114 4115 0
4117 4118 0
4123 4124 0
4123 4125 0
4126 4127 2
4128 4130 22
4133 701 2
4134 526 2
4135 4136 26
4137 1780 29
4139 4140 29
4143 2654 26
4143 4144 26
4148 3303 0
4148 516 2
4152 526 2
4153 129 2
4153 614 2
4153 4144 26
4154 4155 26
4154 785 2
4154 4156 2
4157 826 2
4158 4161 24
4162 1021 0
4168 516 2
4170 159 26
4170 3627 22
4170 4171 22
4175 3870 0
4175 3988 24
4176 485 26
4177 4178 0
4179 196 25
4179 3980 26
4179 4180 26
4183 4184 14
4185 4186 14
4187 166 2
4191 167 2
4192 228 25
4193 607 0
4193 4194 0
4193 4195 0
4193 4196 22
4197 4198 14
4197 4199 14
4200 2990 26
4201 4202 22
4203 4204 29
4205 701 2
4206 526 2
4208 4210 0
4211 4212 26
4211 4213 26
4216 543 26
4216 4217 22
4218 4219 22
4218 792 2
4220 4221 2
4224 3623 22
4224 4225 22
4226 4227 34
4226 4228 26
4229 607 0
4229 2345 0
4231 4232 29
4236 57 2
4236 4212 26
4237 152 2
4237 189 2
4240 57 2
4241 623 0
4241 4242 0
4244 4245 14
4246 4002 0
4246 4247 22
4250 543 26
4251 4252 22
4253 814 2
4253 2585 24
4254 814 2
4254 3411 2
4254 4255 14
4254 4256 23
4260 1657 26
4261 4115 0
4264 607 0
4264 2986 0
4265 228 25
4267 3666 0
4271 941 0
4271 2990 26
4272 57 2
4272 3410 2
4273 3684 22
4275 3870 0
4275 57 2
4278 4279 34
4280 516 2
4281 232 26
4281 4282 22
4283 57 2
4285 4286 23
4285 4287 34
4288 4289 22
4290 87 2
4294 4295 23
4296 4299 0
4300 785 2
4310 166 2
4311 644 2
4313 4315 14
4323 189 2
4324 4325 33
4328 4329 29
4330 184 2
4331 4332 14
4335 4336 25
4338 1349 14
4342 273 0
4342 57 2
4344 4345 39
4347 4348 14
4349 3070 0
4349 4350 2
4351 4352 39
4355 4356 14
2256 4359 14
4360 1219 2
4360 4361 22
4360 901 39
4363 4364 39
4365 3565 29
4366 4368 0
4370 4371 2
4370 4372 26
4374 468 2
4374 598 26
4374 196 25
4375 701 2
4376 4377 22
4379 608 2
4383 57 2
4387 4388 36
4389 4390 2
4396 3873 0
4396 2379 0
4396 4397 0
4401 4402 22
4401 4403 2
4406 4407 39
4408 4409 24
4411 2379 0
4413 4414 0
4415 529 2
4415 672 34
4416 4417 14
4418 4419 33
4420 184 2
4422 4423 2
4426 438 2
4426 1229 34
4430 4431 14
4430 4432 14
4433 516 2
4433 273 0
4435 644 2
4437 4438 22
4437 4439 22
4440 4441 2
4443 4445 14
4448 4449 14
4450 3303 0
4451 4452 0
4451 4453 0
4454 645 2
4456 4458 37
4459 4460 0
4461 4463 14
4464 2191 22
4467 4468 22
4467 2091 2
4469 2379 0
4470 4471 14
4470 4472 14
4473 47 2
4474 4475 22
4482 4483 2
4486 4487 29
4488 468 2
4489 57 2
4489 814 2
4489 4490 0
4502 4503 2
4502 160 0
4504 184 2
4504 1727 2
4515 4516 25
4515 4517 2
4519 167 2
4521 4522 29
4526 595 34
4527 2813 0
4528 4530 2
4532 426 29
4534 4535 26
4534 4536 14
4539 3082 29
4540 4541 0
4542 208 25
4543 115 2
4548 4549 22
4551 4552 39
4553 4554 22
4558 4559 14
4560 4561 14
4560 4562 14
4565 4566 0
4565 4567 0
4568 4569 2
4571 3643 25
4573 4403 2
4573 4574 22
4575 4403 2
4581 145 2
4581 3868 25
4582 4583 26
4584 4585 0
4590 4591 39
4590 821 0
2057 821 0
2057 2046 14
2057 2055 14
4592 4593 0
4592 4594 22
4595 4597 14
4595 4598 14
4600 2790 0
4600 1104 2
4600 2491 26
4602 4460 0
4604 4605 2
4606 4607 2
4608 4195 0
4609 1575 0
4609 212 2
4609 4610 14
4613 4614 14
4613 4615 14
4616 4617 0
4616 4618 0
4619 4620 0
4619 4621 2
4622 136 2
4622 228 25
4626 4627 0
4626 4628 0
4626 590 0
4629 4630 0
4629 1219 2
4629 4631 26
4632 4634 26
4632 4635 26
4636 4637 0
4636 582 0
4638 3870 0
4638 228 25
4639 212 2
4640 4641 22
4640 4642 26
4643 4644 14
4646 821 0
4648 3678 0
4648 3217 0
4648 4617 0
4649 3545 14
4650 4651 39
4652 4566 0
4653 4227 34
4654 4655 0
4654 228 25
4660 4662 14
4666 4620 0
4666 4667 0
4668 4669 29
4670 4671 33
4672 1835 0
4672 14 0
4672 3303 0
4673 4675 39
4673 4677 14
4679 4681 37
4682 228 25
4683 4127 2
4685 1677 2
4688 47 2
2051 2227 14
4691 57 2
4691 4692 26
4693 544 26
4693 194 26
4693 159 26
4694 4695 14
4696 4490 0
4696 4002 0
4703 4704 14
4703 4705 14
4706 645 2
4706 91 25
4707 2384 0
4707 4708 0
4705 4710 26
4712 115 2
4718 4719 0
4718 184 2
4718 879 33
4718 4720 24
4721 4722 0
4721 4723 37
4727 825 2
4729 4730 0
4729 4731 24
4732 644 2
4732 3596 34
4695 1690 0
4733 4734 2
4733 434 22
4733 4735 0
4736 4299 0
4736 898 22
4738 2828 0
4743 701 2
4744 3924 39
4749 2790 0
4749 4750 2
4749 639 2
4751 4752 0
4751 4753 0
4751 4754 0
4757 3900 14
4762 194 26
4765 644 2
4765 210 2
4765 4144 26
4766 4767 0
4766 4768 0
4766 2409 34
4769 4771 14
4780 4782 14
4789 4790 36
4789 3309 36
4792 4460 0
4796 825 2
4796 87 2
4797 639 2
4797 3988 22
4784 3527 0
4799 1104 2
4799 4800 24
4801 57 2
4802 2986 0
4802 3089 26
4803 4460 0
4806 792 2
4806 4807 2
4808 973 45
4810 47 2
4810 879 33
4810 199 33
4812 47 2
4812 3947 0
4814 4815 39
4814 454 0
4820 4821 22
4822 4823 0
4822 4299 0
4824 2976 37
4825 4490 0
4825 4826 0
4825 945 0
4825 2409 34
4828 228 25
4830 57 2
4830 4832 14
4833 208 25
4837 228 25
4838 115 2
4840 4841 26
4840 1104 2
4842 501 2
4842 144 33
4845 561 26
4845 4848 0
4851 4852 0
4854 4855 2
4854 228 25
4856 3536 22
4856 57 2
4857 4858 0
4857 4093 0
4857 4155 26
4857 4859 34
4857 4860 34
4861 184 2
4861 516 2
4862 4864 2
4865 167 2
4865 184 2
4866 4867 0
4869 4871 0
4872 4873 22
4872 4874 37
4875 516 2
4875 228 25
4876 57 2
4876 4877 14
4878 4880 2
4878 4881 0
4882 202 2
4882 787 2
4883 4110 37
4883 228 25
4886 4887 39
4886 4888 24
4889 529 2
4889 4890 2
4892 4893 25
4896 4898 0
4896 3460 0
4615 4900 39
4901 785 2
4901 4902 0
4901 4903 0
4904 4906 33
4912 701 2
4913 3020 29
4915 91 25
4737 3250 0
4923 4924 2
4923 145 2
4704 4927 2
4929 942 0
4929 184 2
4929 189 2
4933 1702 0
4934 3520 25
4939 123 2
4940 4941 14
4944 4941 14
4945 4941 14
4945 4946 14
4947 4948 14
4947 4940 14
4949 4942 14
4949 4950 14
4946 4941 14
4946 4947 14
4950 4951 14
4950 4938 14
4952 4953 14
4952 4951 14
4937 4945 14
4951 4948 14
4953 4944 14
4953 4938 14
4948 4942 14
4954 4947 14
4954 4938 14
4938 4954 14
4938 4937 14
4941 4945 14
4955 4956 0
4955 4957 0
4958 4959 14
4958 4776 14
4960 4961 14
4962 684 2
4963 17 2
4965 3411 2
4967 4217 22
4967 3520 25
4970 4971 0
4970 4972 37
4973 4975 0
4973 184 2
4973 57 2
4976 4452 0
4976 2622 0
4977 139 2
4977 468 2
4977 3213 39
4978 1705 26
4978 3042 2
4979 4980 14
4982 4983 2
4982 3637 26
4986 139 2
4986 3064 26
4987 4988 0
4990 468 2
4990 4992 22
4993 4994 24
4479 4478 14
4479 4996 14
4998 918 2
5002 639 2
5007 3250 0
5011 906 39
5012 1021 0
5012 1686 29
5013 5014 0
5013 645 2
5013 5015 26
5013 5017 22
5018 228 25
5018 5019 37
5020 5021 0
5020 3560 0
5030 2379 0
5030 5031 14
5032 593 2
5033 463 2
5034 544 26
5036 814 2
5037 4227 34
5037 228 25
5037 901 39
5038 608 2
5041 5042 22
5043 243 22
5043 2692 39
5044 485 26
5044 160 0
5045 684 2
5046 1200 37
5051 5052 2
5051 5053 22
5054 3496 37
5057 463 2
5059 57 2
5059 621 0
5060 5061 26
5060 416 2
5065 5066 2
5065 5067 25
5072 4460 0
5076 3963 0
5078 4992 22
5079 2084 22
5079 821 0
5080 2725 2
5082 2568 36
5087 644 2
5088 202 2
5088 561 26
5088 3213 39
5092 3303 0
5092 5093 0
5094 5096 29
5097 5098 14
5097 5099 14
5101 57 2
5101 5102 14
5103 5104 14
5105 5106 29
5107 642 2
5110 73 39
5111 228 25
5113 57 2
5114 210 2
5114 5115 26
5114 485 26
5116 701 2
5117 4635 26
5118 5119 2
5121 785 2
5121 687 2
5123 485 26
5123 5124 26
5126 202 2
5127 184 2
5129 2642 2
5130 5131 2
5130 454 0
5130 228 25
5132 5133 2
5132 5134 2
5132 3931 2
5132 5135 26
5138 91 25
5139 4118 0
5139 485 26
5141 57 2
5141 614 2
5141 821 0
5142 701 2
5145 3303 0
5147 821 0
5147 621 0
5147 3250 0
5147 4971 0
5149 91 25
5151 5153 25
5155 3410 2
5156 3411 2
5160 3303 0
5161 3122 22
5161 5162 14
5163 5165 0
5163 5166 39
5170 167 2
5172 5173 2
5176 1113 34
5176 5177 34
5178 5179 33
5178 5153 25
5180 2030 0
5182 5183 22
5182 57 2
5184 1104 2
5184 561 26
5185 5186 2
5185 202 2
5191 228 25
5192 5193 14
5194 5195 14
5194 4461 14
5198 642 2
5198 561 26
5199 5200 26
5201 5202 2
5201 485 26
5203 2409 34
5204 4110 37
5204 5206 14
5208 5209 25
5210 4710 26
5210 2315 14
5214 5215 14
5220 5223 14
5224 2191 24
5225 3640 26
5227 2790 0
5227 485 26
5228 184 2
5231 814 2
5232 5233 39
5232 5234 26
5235 2568 36
5236 2384 0
5236 2379 0
5236 57 2
5237 3988 22
5237 3870 0
5238 416 2
5238 2297 2
5238 228 25
5239 1104 2
5239 543 26
5239 485 26
5240 950 26
5241 3070 0
5241 208 25
5242 139 2
5242 159 26
5244 194 26
5244 5245 0
5246 5247 24
5248 139 2
5248 598 26
5248 5249 26
5250 5251 14
5250 5252 14
5254 5255 2
5256 825 2
5256 5257 34
5258 608 2
5258 232 26
5259 2191 22
5261 202 2
5262 228 25
5262 988 24
5263 418 2
5263 5264 2
5263 229 33
5263 5265 33
5269 198 2
5274 942 0
5274 184 2
5278 998 0
5278 196 25
5279 5280 14
5281 614 2
5281 5282 0
5281 3028 26
5283 3988 22
5283 1854 24
5284 485 26
5286 644 2
5288 597 2
5288 561 26
5288 232 26
5289 529 2
5289 152 2
5290 5291 0
5290 608 2
5292 2384 0
5292 228 25
5293 5294 0
5293 2345 0
5293 5295 0
5297 70 0
5306 4566 0
5306 4567 0
5307 598 26
5309 202 2
5309 3386 24
5310 516 2
2411 5313 14
2411 5314 14
5315 2980 0
5315 3678 0
5315 3110 0
5315 5316 0
5318 5319 14
5320 5321 14
5320 5322 14
5323 5324 0
5323 3084 2
4739 821 0
4674 5327 14
5328 4460 0
5328 2379 0
5328 5330 0
727 737 14
727 713 14
727 734 14
5334 485 26
5335 208 25
5335 5336 22
5338 14 0
5338 2828 0
5338 1168 26
5341 5342 39
5344 4735 0
5344 2587 0
5344 5345 0
5344 3134 0
5346 57 2
5346 3057 0
5346 215 0
5346 4541 0
5346 4826 0
5348 57 2
5349 5350 0
5353 57 2
5353 2242 2
5354 5355 26
5357 644 2
5358 4016 26
5358 5355 26
5360 4252 22
5361 5362 0
5361 4287 34
5363 3233 14
5363 5364 14
5365 4805 14
5366 3976 2
5368 2410 14
5369 5153 25
5370 5371 14
5372 5373 14
5372 4595 14
5374 4639 14
5375 5377 14
4647 5381 2
5382 2095 2
5382 608 2
5387 57 2
5388 2048 2
5388 5389 14
5390 5391 2
5392 5393 0
5394 5395 39
5396 189 2
5397 1153 0
5397 5398 0
5397 5399 2
5403 3407 22
5404 140 26
5406 5407 22
5408 5186 2
5408 5409 22
5410 2790 0
5410 5186 2
5411 145 2
5411 941 0
5412 2277 26
5412 4631 26
5412 5414 14
1670 5417 0
5418 3411 2
5419 5421 0
5422 2692 39
5422 3084 2
5424 3520 25
5425 5426 22
5428 5431 23
5432 167 2
5433 543 26
5433 5434 26
5433 5435 26
5433 3213 39
5436 5437 80
4662 5439 14
4662 5440 14
4662 5441 14
5442 529 2
5443 57 2
5445 5446 26
5448 416 2
5448 5066 2
5448 194 26
5449 642 2
5451 5452 26
5453 115 2
5453 787 2
5453 5454 0
5453 5093 0
5455 4460 0
5455 2379 0
5456 5457 0
5456 5458 22
5459 485 26
5459 3623 24
5463 202 2
5463 163 24
5464 208 25
5465 57 2
5465 196 25
5465 5466 26
5467 194 26
5467 3536 22
5468 1702 0
5471 159 26
5477 5478 14
5477 5479 39
5480 5481 14
5480 5482 14
5480 5483 14
5484 1230 45
5484 3309 36
5373 4598 14
5487 5488 36
5489 2917 0
5489 5490 37
5493 687 2
5493 4423 2
5494 3411 2
5495 5496 14
5497 4864 2
5499 3643 25
5500 2242 2
5500 4228 26
5501 4767 0
5501 485 26
5502 3411 2
5502 2027 2
5502 5503 22
5504 4847 14
5504 4927 2
5505 2545 14
5507 5509 0
5510 3313 29
5514 4701 14
5524 2117 2
5524 5153 25
5526 5528 14
5531 4767 0
5531 5532 0
5533 1168 26
5533 3070 0
5535 2149 14
5535 1856 14
5537 5538 14
5540 208 25
5545 166 2
5545 5546 2
5547 91 25
5550 1835 0
5550 454 0
5550 5551 0
5554 1569 45
5555 529 2
5555 5556 2
5555 2794 34
5557 5558 2
5560 5561 14
5560 3545 14
5562 5563 0
5565 3828 2
5567 5569 0
5567 5570 0
5571 208 25
5572 3303 0
5572 3375 0
5572 516 2
5573 4607 2
5573 184 2
5574 2384 0
5574 516 2
3099 5580 14
3099 3490 14
5581 821 0
1498 1753 14
1498 1827 14
1498 1480 14
1498 1488 14
5582 593 2
5582 529 2
1586 1180 14
1586 5583 14
5583 5584 14
5583 1182 14
2314 5586 14
5587 5588 14
2530 2541 14
5589 2587 0
5592 2542 14
5592 5593 14
5594 5596 14
5597 13 14
5597 4458 37
5598 529 2
5598 17 2
5599 5595 14
5600 2036 14
5601 5602 14
5601 5603 14
1916 5604 14
1916 1912 14
754 5608 14
754 2009 14
5609 4194 0
5609 615 0
1766 5601 14
5610 5596 14
5610 1766 14
5611 1809 14
5611 5612 14
1607 1580 14
1607 330 14
1607 289 14
1607 1579 14
1607 1792 14
5613 4522 29
1998 5614 14
1998 5615 14
1617 1791 14
1617 1305 14
1617 1622 14
1617 1308 14
1617 1623 14
1617 1616 14
1617 1289 14
1617 1290 14
5616 5617 14
5616 5600 14
1562 1284 14
1562 1299 14
1562 1621 14
1562 1624 14
1562 5618 14
1562 1822 14
1562 1306 14
1846 253 14
1846 258 14
1846 1845 14
1846 262 14
1011 1034 14
1011 5619 14
5614 5620 14
5614 1768 14
5614 1336 14
719 733 14
719 715 14
719 735 14
719 737 14
719 722 14
5617 5621 14
5617 1535 14
5622 5602 14
5622 1475 14
5623 5624 2
1323 1322 14
1323 5625 14
5626 5627 14
5626 5628 14
5630 5631 14
5630 5632 14
1519 1334 14
1519 1517 14
1519 1336 14
5638 1637 14
5638 5639 14
1431 1464 14
5640 2000 14
5604 5641 14
5604 1918 14
1645 1546 14
2214 5642 14
2214 2216 14
1803 1667 14
1803 1879 14
5643 1636 14
5621 5644 14
5645 744 14
5596 5602 14
5596 1809 14
5646 5647 14
5646 5648 14
5646 5649 14
5652 5653 22
5652 4890 2
5654 5655 14
5657 5658 14
5657 2200 14
5659 2828 0
2740 2741 14
2740 1323 14
5660 1191 14
5660 2215 14
5660 1189 14
5661 5662 14
5661 5663 14
5664 5665 14
5666 485 26
5666 228 25
5667 5668 0
5667 1175 22
5669 202 2
1535 5670 14
1535 5616 14
5631 5671 14
5631 5672 14
5631 1189 14
1926 1682 14
1926 1454 14
1926 309 14
1926 1931 14
1926 1758 14
1859 1468 14
1859 1515 14
1859 1802 14
1859 1803 14
1859 1660 14
5673 1635 14
5673 5643 14
1625 1754 14
1625 1309 14
1625 1786 14
1625 1614 14
1625 5674 14
1625 1525 14
1625 1798 14
1625 1565 14
5675 5676 24
5675 561 26
1532 378 14
1532 388 14
303 302 14
1608 1454 14
1608 1683 14
1608 1609 14
1608 1259 14
5679 1635 14
5679 1633 14
5670 5600 14
5670 5605 14
5680 687 2
5680 202 2
4770 212 2
4770 166 2
5685 3177 25
5691 5692 0
5691 4368 0
5693 5134 2
5694 3410 2
5694 482 0
5696 145 2
5696 2491 26
5711 5712 37
5711 5713 37
5716 91 25
5717 91 25
5720 4345 39
5722 5723 26
5722 2191 24
5722 5724 0
5725 814 2
5727 4876 14
5729 821 0
5729 4975 0
5736 2409 34
5737 3411 2
5741 3953 33
5742 2409 34
5743 5745 0
5743 3574 0
5748 529 2
5751 2897 0
5752 5753 41
5755 440 0
5756 5757 26
5761 5762 33
5763 4639 14
5764 202 2
5767 2044 33
5770 5771 34
5770 3070 0
5772 5773 2
5774 5775 41
5774 5776 41
5781 184 2
5781 5435 26
5792 5793 23
5794 3238 2
5801 4228 26
5803 57 2
5803 821 0
5803 3213 39
5805 167 2
5805 5806 22
5810 5811 25
5812 5813 14
5813 5505 14
5813 906 39
4847 482 0
5819 4127 2
5823 560 2
5823 160 0
5824 701 2
5826 4252 24
5826 5827 24
5826 4720 24
5828 5829 26
5828 3980 26
5830 196 25
5833 1517 14
5833 1519 14
5834 171 14
5835 5836 14
5835 1437 14
1192 5837 14
1192 1191 14
1192 5631 14
5838 5839 14
5838 5840 14
1285 1796 14
1285 1308 14
1285 1290 14
1285 1315 14
1285 1286 14
1285 1755 14
1285 1305 14
1797 1308 14
1797 1561 14
1797 1624 14
1797 1304 14
1797 5841 14
1797 1617 14
1797 1527 14
1797 1287 14
5842 1436 14
5842 5843 14
5615 5844 14
5615 1999 14
5845 1519 14
5845 5846 14
1520 1997 14
1520 5847 14
1520 1998 14
1300 1738 14
1300 1309 14
1300 1310 14
1300 1807 14
1300 1312 14
1300 1303 14
1300 1793 14
1300 1306 14
5848 5621 14
5848 5644 14
1313 1524 14
1313 1754 14
1313 1807 14
1313 1786 14
1313 1623 14
1313 5618 14
1313 1303 14
1313 1617 14
1313 1527 14
1526 1796 14
1526 1521 14
1526 1624 14
1526 1616 14
1526 1528 14
1526 1798 14
1526 1564 14
1526 1739 14
5849 2540 14
5849 5592 14
5850 5851 14
5850 5852 14
1314 1625 14
1314 1787 14
1314 1527 14
1314 1795 14
1314 1791 14
1314 1796 14
1314 1521 14
1314 1303 14
1563 1794 14
1563 1308 14
1563 1521 14
1563 1786 14
1563 1615 14
1563 1312 14
1563 5853 14
1563 1523 14
1563 1303 14
5836 5843 14
5836 1437 14
5854 5855 14
5854 5856 14
1315 1299 14
1315 1561 14
1315 1524 14
1315 1754 14
1315 1786 14
1315 1525 14
1315 1787 14
1315 1527 14
1787 1299 14
1787 1290 14
1787 1521 14
1787 1738 14
1787 1754 14
1787 1786 14
1787 1525 14
1527 1290 14
1527 1291 14
1527 1622 14
1527 1797 14
1527 1526 14
1527 1286 14
1527 1794 14
1527 1306 14
5858 5842 14
5839 5859 14
1528 5853 14
1528 1523 14
1528 1797 14
1528 1526 14
1528 1787 14
1528 1755 14
1528 1739 14
1528 1791 14
1528 1305 14
5860 5850 14
5860 5839 14
1301 1796 14
1301 1754 14
1301 1309 14
1301 5841 14
1301 1797 14
1301 1564 14
1301 1305 14
1301 1306 14
1798 1284 14
1798 1290 14
1798 1624 14
1798 1807 14
1798 1523 14
1798 1526 14
1798 1527 14
1798 1528 14
5861 5862 14
5861 5846 14
1564 1284 14
1564 1290 14
1564 1521 14
1564 1614 14
1564 1617 14
1564 1626 14
1564 1795 14
1564 1739 14
1564 1791 14
1286 1621 14
1286 1754 14
1286 1309 14
1286 5674 14
1286 5853 14
1286 1625 14
1286 1791 14
1286 1305 14
1286 1306 14
5863 1624 14
5863 1623 14
5863 1614 14
5863 1615 14
5863 1302 14
5863 1303 14
5863 1562 14
5863 1625 14
5863 1313 14
5851 5842 14
1755 1290 14
1755 1621 14
1755 1309 14
1755 1525 14
1755 1300 14
1755 1787 14
1755 1528 14
1755 1798 14
1755 1791 14
5843 5850 14
5843 5851 14
1756 1299 14
1756 1561 14
1756 1621 14
1756 1312 14
1756 1794 14
1756 1791 14
1756 1306 14
5864 5852 14
5864 1437 14
1565 1308 14
1565 1738 14
1565 1310 14
1565 1616 14
1565 1523 14
1565 1313 14
1565 1793 14
1565 1306 14
1999 5620 14
1999 5846 14
5672 5865 14
5672 5866 14
1287 1613 14
1287 1524 14
1287 1614 14
1287 1615 14
1287 1312 14
1287 1289 14
1287 1303 14
1287 1285 14
1287 1756 14
1566 1738 14
1566 1525 14
1566 1313 14
1566 1787 14
1566 1528 14
1566 1286 14
1566 1565 14
1566 1739 14
1626 1621 14
1626 5853 14
1626 1302 14
1626 1625 14
1626 1797 14
1626 1787 14
1626 1564 14
1626 1565 14
1626 1306 14
1793 1521 14
1793 1621 14
1793 1822 14
1793 1794 14
1793 1288 14
1793 1306 14
1793 1787 14
5852 5843 14
5852 5864 14
5867 5836 14
5867 5852 14
1794 1284 14
1794 1290 14
1794 1561 14
1794 1314 14
1794 1301 14
1794 1286 14
1794 1305 14
1794 1306 14
5868 1189 14
748 747 14
5869 5870 14
5869 2421 14
5671 5871 14
5671 1192 14
5671 5866 14
2000 5620 14
2000 1999 14
5872 5859 14
5872 1437 14
1013 1799 14
1013 1035 14
1403 1405 14
1403 1410 14
1403 1407 14
1403 1399 14
5873 1799 14
5873 1009 14
5619 5874 14
5619 1034 14
5588 5875 14
5588 5876 14
5877 5875 14
5877 5878 14
5876 1129 14
5876 5879 14
5880 1002 14
5880 1013 14
5881 1003 14
5882 5588 14
5882 5877 14
5883 5878 14
5883 5884 14
1003 5885 14
5886 1036 14
5887 5888 14
5887 5878 14
5889 1009 14
5888 5887 14
5878 1129 14
5891 5888 14
5891 5884 14
5892 5875 14
5892 5888 14
5894 1128 14
5894 5895 14
5875 1128 14
5875 5896 14
5897 444 14
1129 1128 14
1129 5895 14
1128 5876 14
1128 5883 14
1611 1842 14
1611 1736 14
1737 5898 14
1737 2114 14
1841 1612 14
1841 5898 14
5899 1736 14
5899 2114 14
5900 1736 14
5900 2114 14
2115 1735 14
2115 5898 14
5898 2115 14
5898 1840 14
1736 5899 14
1288 1796 14
1288 1290 14
1288 1562 14
1288 1286 14
1288 1795 14
1288 1739 14
1288 1791 14
1288 1305 14
1288 1306 14
1795 5618 14
1795 1312 14
1795 1285 14
1795 1527 14
1795 1793 14
1795 1288 14
1795 1739 14
1795 1305 14
5902 1541 14
5902 5605 14
5903 5658 14
5904 5905 14
5904 2313 14
2200 5906 14
2200 5907 14
1739 1524 14
1739 1624 14
1739 1312 14
1739 1300 14
1739 1563 14
1739 1315 14
1739 1564 14
1739 1566 14
752 724 14
752 713 14
752 732 14
752 738 14
752 726 14
5846 1998 14
5846 5845 14
5846 5861 14
1791 1299 14
1791 5674 14
1791 1525 14
1791 1622 14
1791 1289 14
1791 1315 14
1791 1287 14
1791 1566 14
1305 1613 14
1305 1284 14
1305 1291 14
1305 1786 14
1305 1623 14
1305 1615 14
1305 1525 14
1305 1286 14
5908 5655 14
5908 5854 14
5855 5626 14
5855 5856 14
5909 2314 14
5909 5910 14
5911 5912 14
5911 5627 14
5913 5910 14
5913 5914 14
1306 1621 14
1306 1786 14
1306 1623 14
1306 1615 14
1306 5674 14
1306 1312 14
1306 1625 14
1306 1527 14
1306 1286 14
5915 5917 14
5918 1766 14
5918 5622 14
5919 5922 14
5923 57 2
5923 4127 2
5924 4631 26
5924 5925 26
5924 5926 2
5927 622 0
5927 2828 0
5927 5928 0
5929 4867 0
5929 196 25
5930 5931 2
5933 5934 14
5939 2397 0
5941 3526 0
5941 4242 0
5941 228 25
5941 5942 14
5945 2056 14
5946 3084 2
5949 2117 2
4846 5812 14
3525 228 25
3525 516 2
5953 5955 14
5959 1344 2
5960 5961 22
5960 5962 14
5960 5963 14
5960 5964 14
5965 5966 2
5968 5969 0
5968 200 25
5973 2744 29
5978 487 0
5978 634 2
5979 5980 26
5979 5981 26
5982 184 2
5983 561 26
5984 5986 14
5740 57 2
5987 198 2
5988 5989 0
5988 2692 39
5990 872 22
5992 814 2
5993 5994 14
5993 5995 14
6001 47 2
6001 6002 36
6001 6003 33
6005 57 2
6005 1219 2
6006 3250 0
6006 3233 14
6007 212 2
6010 184 2
6010 123 2
6013 1181 14
6014 1180 14
6014 5583 14
5584 1182 14
5584 1180 14
6015 5583 14
6015 1180 14
5840 1437 14
6016 5903 14
6016 5906 14
5586 5903 14
5586 5906 14
6017 2197 14
6017 6018 14
6019 39 14
6020 6021 14
5658 5903 14
5658 2199 14
5912 5908 14
5912 5855 14
2198 2314 14
5662 5584 14
5914 5910 14
5914 2200 14
5907 2200 14
5874 1799 14
1012 5881 14
1012 5889 14
6023 1634 14
1182 6015 14
5905 5906 14
1036 224 14
1036 5886 14
5917 5908 14
5641 1544 14
5641 306 14
5641 5604 14
5655 5855 14
5655 5856 14
5628 2421 14
5628 5654 14
5910 6018 14
5910 2198 14
5627 5908 14
5627 5856 14
5856 5908 14
2199 5903 14
2199 5914 14
6025 5679 14
6026 2423 14
6027 595 34
6027 6028 33
6032 212 2
6033 6034 22
6037 6038 0
6042 147 0
6042 468 2
6044 529 2
6044 523 2
6046 6048 14
6046 6049 14
6053 5394 14
6054 87 2
6057 6058 0
6057 644 2
6060 6061 39
6062 1702 0
6063 629 2
6064 6065 24
6066 6068 36
6069 6070 22
6073 6074 14
6073 6075 14
6076 526 2
6076 6077 29
6079 3303 0
6079 6080 0
6081 6082 29
6083 5928 0
6084 145 2
6084 6085 0
6084 6086 24
6090 189 2
6090 501 2
6090 3411 2
6091 4227 34
6092 2397 0
6095 6096 14
6095 6097 14
6095 6098 22
6099 644 2
6101 6102 34
6103 6104 29
6106 3042 2
6108 6109 24
6108 6110 24
6112 561 26
6113 139 2
6113 5723 26
6114 825 2
6114 202 2
6114 1727 2
6114 1854 22
6115 4503 2
2 6116 82
13 6117 22
21 6118 22
40 6119 82
46 6120 0
56 6121 39
62 6122 0
94 4992 24
94 6123 22
111 6124 41
117 2821 14
135 6125 14
143 6126 0
146 6127 0
154 6128 0
157 6127 82
158 6127 82
162 1854 22
165 6129 22
174 6130 0
185 6131 82
190 6132 41
190 6133 41
193 6134 0
201 6127 0
206 6127 82
222 6135 82
226 6136 29
227 6137 0
312 1694 22
411 6138 14
415 6139 33
415 6140 33
417 6141 80
435 6142 0
437 6143 0
445 6144 29
460 6145 41
460 6146 41
462 6147 41
464 6148 41
464 6149 41
466 6150 0
466 6127 82
466 6127 82
466 6127 82
475 6151 0
483 6152 0
483 6153 82
486 6154 0
502 6155 82
506 6156 41
506 6157 41
511 6158 80
513 6159 41
513 6160 41
515 6120 82
517 6161 0
522 6162 0
525 6145 41
525 6163 41
530 6164 22
532 6165 0
551 2821 14
551 2231 14
554 6166 82
557 6167 41
557 6168 0
6169 6170 41
567 6171 0
570 6143 0
570 6172 0
574 6173 41
574 6174 41
575 6175 41
6176 6177 41
579 6178 41
579 6146 41
581 561 26
586 6179 24
588 6180 0
589 607 0
602 6181 41
603 6182 14
612 6183 0
616 6116 82
6184 6185 41
620 6186 37
624 6187 22
625 6162 0
631 6188 0
633 6189 0
635 6190 0
647 6191 82
647 6127 82
647 6127 82
648 3539 80
648 5943 80
660 2483 14
664 3349 0
666 6192 22
669 6193 41
669 6194 41
670 6143 0
690 6195 0
693 6196 41
694 6197 41
695 2692 39
702 6198 41
704 6199 0
786 6200 0
790 6201 0
790 6202 82
803 6203 41
803 6204 41
805 6127 0
805 2121 33
808 6206 0
868 6207 82
868 6208 82
878 6209 0
886 6210 41
886 6211 41
889 6212 82
889 6212 82
913 920 33
928 6215 0
949 6216 33
963 6217 82
963 6218 82
979 6219 22
984 6220 0
984 6221 33
984 2121 33
985 6212 82
986 6222 0
1004 6223 82
1018 6225 0
1018 6143 0
1023 5457 0
1027 6136 29
1030 6226 41
1032 5457 0
1083 777 14
1094 6202 82
1095 6146 41
1095 6227 41
1099 6226 41
1106 6191 82
1106 6127 82
1106 6127 82
1109 6229 0
1116 3654 0
1121 6127 82
1126 6230 41
1126 6231 41
1171 2191 24
6232 6233 41
6232 6234 41
1204 6235 0
1213 6236 0
1220 6237 41
1220 6238 41
1221 6239 41
1225 6240 0
1232 3560 0
1235 6241 0
1244 340 14
1317 6127 82
1392 1366 14
1392 6242 14
1435 6242 14
1438 1431 14
1456 6143 0
1553 117 14
1582 6243 41
1582 6244 41
1584 6245 41
1584 6246 41
1621 1303 14
1656 6247 24
1672 6248 24
1678 6249 0
1679 2632 0
1685 6121 39
1693 6250 82
1693 6250 82
1701 6136 29
1703 6251 41
1704 6127 82
1711 6212 82
1715 6252 0
1724 6253 0
1738 1616 14
1754 1614 14
1762 6254 0
1762 6255 0
1765 1534 14
1335 5620 14
1310 1615 14
1495 1485 14
1833 5546 2
1833 6256 24
1853 6257 33
1855 5535 14
1858 6258 0
1878 1618 14
1878 1469 14
1945 3834 14
1945 340 14
1951 6215 0
398 390 14
1304 5674 14
1992 3560 0
1996 1541 14
2001 6209 82
2001 6259 0
1485 1753 14
1485 1496 14
1614 1754 14
2036 5617 14
2036 1541 14
2037 6260 0
2038 6261 37
2072 6262 0
2090 6263 0
2120 6264 0
2138 6265 14
2141 6191 82
2126 2711 14
2145 2147 14
2147 3694 14
6266 6267 82
6266 6268 82
6269 5713 37
2172 4110 37
2182 2188 14
2182 2395 14
2201 6270 22
2240 6119 82
2240 6271 82
2240 6272 0
2240 6271 0
2253 117 14
2253 2821 14
2254 2188 14
2255 6274 14
2202 2254 14
2257 6275 14
2257 6276 14
2261 6277 0
2292 6189 0
2292 6278 22
2299 6191 82
2302 6279 0
2333 6280 82
2335 6127 82
1117 3654 0
2388 6136 29
2390 6271 0
2396 6281 41
2211 2209 14
2405 6282 82
2406 6283 0
2406 6284 0
6285 6286 14
2426 6116 82
2430 6287 82
2430 6287 82
2485 6288 14
2487 2483 14
2487 2484 14
2492 6143 0
2492 6120 0
2492 6172 0
2495 6289 80
2496 6290 0
2518 6271 0
2518 6271 0
2550 3104 80
2554 6271 82
6291 6119 82
6292 6293 0
6292 6294 82
6295 6296 41
2561 6294 0
2561 6297 82
2561 6298 82
2586 6299 0
2600 147 0
2601 6300 0
2610 6301 0
2614 6293 0
2614 6293 0
2616 6127 82
2620 6127 82
2620 6212 82
2625 6302 41
2625 6237 41
2626 1047 33
6303 6304 41
6303 6305 41
2644 6306 0
2681 6278 22
2685 6210 41
2685 6307 41
2687 6308 41
2687 6309 41
2689 6310 41
2689 6311 41
2713 561 26
2717 6312 0
2717 6263 0
2732 6313 26
2751 2099 0
2751 6314 0
2759 2986 0
2759 4823 0
2766 6315 0
2767 6316 41
2769 6317 29
2789 6320 0
2820 232 24
2832 6127 82
2832 6127 82
2832 6127 82
2833 2692 39
2846 6323 41
2846 6324 41
2846 6325 41
2847 6326 41
2847 6327 41
2865 2413 24
2866 6328 41
2877 6329 39
2894 607 0
2894 3870 0
2896 6191 82
2900 2108 0
2918 561 26
2931 6191 82
2958 140 26
2987 6330 0
2989 6331 0
2989 6331 82
3000 544 26
3000 542 24
3007 6332 0
3008 6127 82
3008 6212 82
3030 6225 0
3032 6136 29
3033 6333 0
3041 6183 0
3048 6334 0
3051 6144 29
3053 6124 41
6336 6337 0
3086 2632 0
3086 3250 0
3086 607 0
3104 2550 80
3113 6121 39
3120 6338 0
3123 6339 41
3123 6340 41
3125 6143 0
3125 6287 0
3125 6287 82
3125 6287 82
3138 6309 41
3138 6341 41
6342 6343 41
6342 6344 41
6342 6345 41
3141 6346 41
3163 6347 0
3169 6348 24
3194 6127 0
3201 6116 82
3205 6349 0
3205 6350 0
3224 6116 0
3225 6280 82
3227 6116 82
3230 6351 0
3240 6280 82
3240 6280 82
3240 6280 82
3253 6352 37
3262 6353 0
3262 2035 22
3268 6127 82
3272 6191 0
3277 6354 26
3293 6355 0
3325 6356 41
3325 6357 41
3335 6280 82
3344 6212 82
6358 3623 22
3376 6280 82
3385 6191 82
3388 6359 0
3396 6360 39
3399 6361 0
3401 6362 39
3406 6116 82
3419 6363 0
3424 6364 41
3424 6365 41
3441 6366 41
3441 6367 41
3449 6368 0
3465 6116 82
3478 6144 29
3481 6191 82
3488 6369 82
3507 6370 33
3529 6371 0
3561 6372 39
3566 6373 41
3566 6374 41
3570 6191 0
3599 6280 82
3609 6375 80
3611 6376 0
3611 6377 82
3639 6330 0
3639 6381 0
3639 6382 0
6384 6385 41
6384 6386 41
3658 6127 82
3658 6127 82
3659 6387 41
3659 6388 41
3659 6389 41
3659 6390 41
3669 6391 0
3712 6280 82
3715 6392 22
3716 6150 0
3726 6393 0
3736 6394 0
3744 6395 26
3746 6191 82
3747 6191 82
3748 273 0
3748 5969 0
3748 2632 0
3750 6396 22
3750 6191 82
3750 6191 82
3755 6397 82
3759 6398 41
3761 6399 41
3761 6400 41
3768 6121 39
3769 6401 82
3774 6402 0
3781 6403 41
3784 6404 41
3784 6405 41
3785 6406 41
3785 6407 41
3793 6279 0
3794 6408 0
3819 6110 22
3819 6065 24
3823 6191 0
3823 6191 82
3823 6127 82
3830 6409 0
3830 6409 0
3830 6410 0
3837 6411 82
6412 6413 41
6412 6414 41
6412 6415 41
3844 6416 82
6417 6418 0
3863 4001 0
3884 147 0
3885 6420 41
3888 6271 0
3888 6271 82
3888 6271 82
3890 6421 41
3890 6422 41
3891 6423 39
3891 6424 39
3836 6425 0
3904 6426 41
3904 6427 41
3910 6428 0
3916 6280 82
3916 6280 82
3916 6280 82
3916 6280 82
3921 6429 41
3928 6430 41
3928 6431 41
3942 6432 0
3944 6433 0
3946 6127 0
3948 6127 0
3962 4194 0
3970 6434 41
3970 6435 41
3970 6436 41
3972 6437 0
3982 6438 41
3982 6439 41
6440 6441 41
4011 6297 82
4011 6442 82
4011 6443 22
6444 6445 0
6444 6446 0
6444 6447 82
4021 6448 0
4027 6449 0
4028 6450 22
4049 6116 82
4054 6453 41
4054 6454 41
4055 6455 80
4061 6456 0
4066 6457 0
4067 6458 41
4067 6459 41
4071 6460 41
4071 6461 41
4072 6462 41
4075 6212 82
4077 6463 39
4080 6464 41
4087 6465 0
4087 4021 0
4116 6466 0
4116 6467 0
4117 6468 22
4122 6469 41
4122 6239 41
4134 6470 41
4134 6471 41
4138 6472 41
4152 6473 41
4162 6136 29
4176 6443 24
4176 1694 24
4181 6474 41
4181 6475 41
4181 6476 41
4200 6477 82
4206 6478 41
4206 6479 41
4216 6480 0
4222 6481 41
4222 6482 41
4237 6484 0
4239 6485 41
4239 6486 41
4254 3433 22
4260 6487 24
4272 6488 24
4285 6489 0
4285 6490 22
4304 626 80
4311 6425 0
4316 6491 26
4318 6492 41
4318 6493 41
4319 6494 0
4328 6495 29
4337 6496 41
4376 6351 0
4376 6498 0
4391 6499 41
4391 6308 41
6500 6501 41
6500 6345 41
6502 4681 37
6503 6504 41
4418 1854 22
4427 6505 41
6506 6507 41
6506 6508 41
4456 4552 39
4459 6509 80
4476 6127 82
4476 6127 82
4488 6127 82
4494 6369 0
4498 6510 41
4502 6511 0
4505 6512 41
4505 6513 41
4518 6514 41
4518 6514 41
6515 6136 29
4532 6121 39
4548 6516 0
4555 6517 39
4581 6518 0
4595 4588 80
4599 6519 25
4600 6212 82
4604 6520 22
4611 6522 0
4622 6523 25
4624 6524 0
4646 4597 80
6525 6526 80
4672 6527 39
4682 6528 0
4682 2917 0
4682 4823 0
4682 5969 0
4682 6529 0
4693 6191 82
4693 6127 82
4694 6530 41
4706 6190 0
4718 6280 82
4718 6280 82
4695 6531 41
4751 6532 0
4762 6330 0
4763 544 26
4763 485 26
4763 6534 26
4773 6536 82
6537 6538 0
4792 3539 80
4796 6539 0
4825 6540 0
4840 6212 82
4856 6116 82
4857 4858 0
4857 6541 0
4861 607 0
4861 2099 0
4865 6542 0
4875 6058 0
4923 6248 24
4925 6545 0
4929 6546 0
4931 6547 41
4933 6251 41
4965 6280 82
4981 6191 82
4986 544 26
4987 6127 82
4997 6549 41
4997 6550 41
5010 3699 0
5013 6190 0
5033 6551 41
5033 6552 41
5034 6382 0
5036 6553 0
5051 6391 0
5057 6554 41
5057 6555 41
5068 6556 0
5068 6280 82
5068 6280 82
5076 607 0
5076 2917 0
5079 6557 0
5082 6558 0
5107 6349 0
5111 4735 0
5122 3924 39
5125 6560 41
5125 6561 41
5127 6562 0
5132 6563 0
5140 6391 0
5141 6532 0
5147 5569 0
5154 6564 24
5155 6098 22
5170 6280 82
5182 6116 82
5184 6565 26
5185 6566 0
5198 6320 0
5199 6567 0
5203 6568 0
5220 5372 80
5197 6569 80
5239 6330 0
5240 6241 0
5241 6191 82
5242 6191 82
5242 6191 82
5246 6191 82
5248 6570 0
5248 6571 0
5248 6572 22
5248 6191 82
5274 6573 0
5281 6574 0
5283 6280 82
5284 2886 24
5290 6280 82
5290 6116 82
5290 6116 82
5307 6127 82
5309 6575 0
5311 4902 0
5335 6576 0
5346 6577 0
5351 4735 0
5353 6578 82
5353 6578 82
5354 6579 0
5358 6330 0
5361 6580 0
5361 6558 0
5387 6581 22
5394 6582 14
5404 6583 0
5408 6127 82
5410 561 26
5410 6330 0
5410 6584 0
5411 6129 22
5428 6586 0
5436 6587 0
5438 6588 22
5438 6118 22
5448 6330 0
5451 2986 0
5451 607 0
5451 2632 0
5467 6127 82
5467 6127 82
5487 3452 0
5487 4730 0
5494 6591 22
5502 6592 24
6593 4835 80
5518 6594 39
5536 6595 0
5542 6596 41
5582 6597 0
5652 3623 22
5666 6598 0
5677 6599 24
5678 6280 82
5678 6280 82
5682 273 0
5682 607 0
5682 6600 0
5682 4753 0
5701 6402 0
5708 607 0
5708 4194 0
5715 6116 0
5715 6116 82
5722 6601 26
5736 6540 0
5752 6602 41
5791 6603 41
5791 6550 41
5795 3456 0
5799 920 33
5807 6280 82
5823 147 0
5825 6604 33
6605 6606 2
5830 6570 0
5923 6609 39
5930 6121 39
5937 6610 80
5939 6611 41
5940 6612 39
5959 970 33
5968 6188 0
5982 6162 0
5988 6280 82
5996 6613 41
6001 6597 82
6614 6615 41
6614 6616 41
6027 6143 0
6042 6617 0
6063 6280 82
6064 6191 0
6076 6618 41
6084 6408 0
6092 6619 41
6100 6620 0
6108 6621 0
6108 470 0
6108 6533 0
6113 6058 0
6113 6498 0
6113 6584 0
6115 6622 0
6623 454 0
6624 6625 41
6624 6626 41
6627 6628 41
6629 6630 41
6629 6631 41
6632 6280 82
6633 6634 41
6633 6635 41
6636 6189 0
6637 6638 0
6637 6638 0
6637 6638 0
6637 6638 0
6639 6640 22
6641 6642 41
6641 6643 41
6644 6645 0
6646 6116 82
6647 6648 0
6649 6650 41
6651 6652 33
6654 6655 0
6656 6657 2
6656 4194 0
6656 6466 0
6663 6280 82
6664 6312 0
6665 6666 41
6667 6668 0
6669 6280 82
6670 6671 41
6672 6673 2
6674 6675 41
1666 6676 0
6677 6191 82
6678 6191 0
6679 6410 0
6679 6409 0
6679 6410 0
6679 6250 82
6680 6681 0
6682 6116 82
6682 6116 82
6685 6686 22
6687 6688 41
6689 2790 0
6690 6691 41
6693 607 0
6696 6697 0
6698 6699 41
6698 6414 41
6700 6701 24
6702 6703 0
6704 3791 22
6705 6130 0
6705 6402 0
6706 6281 41
6707 6708 41
6709 6710 41
6711 6712 26
6713 6714 37
6716 6717 0
6716 6191 82
6718 6134 0
6719 6330 0
6720 6721 0
6722 6518 0
6723 6584 0
6723 6408 0
6724 6191 82
6725 6726 41
6727 6728 0
6727 6729 82
6734 6735 22
6736 6737 41
6738 2087 0
6739 6740 0
6741 6742 22
6743 6484 0
6744 1219 2
6745 6746 41
6747 6281 41
6748 6749 41
6750 6386 41
6750 6751 41
6752 6753 41
6752 6754 41
6755 607 0
6755 2632 0
6756 6280 82
6756 6280 82
6757 6280 82
6759 6127 82
6760 6761 41
6762 6763 41
6762 6764 41
6765 6766 26
6767 6768 0
6767 6769 0
6772 6773 26
6774 6775 0
6774 6776 24
6777 6410 0
6777 6410 0
6778 6779 41
6778 6780 41
6781 6578 82
6782 1723 24
6784 6116 82
6785 6191 82
6786 6191 82
6786 6191 82
6787 6368 0
6789 4503 2
6790 6791 41
6790 6792 41
6793 70 0
6794 6144 29
6795 6796 0
6795 6796 0
6795 2087 0
6798 6799 41
6800 6332 0
6801 6802 82
6803 6804 39
6803 6116 82
6803 6116 82
6805 6806 0
6809 6376 82
6809 6376 82
6809 6810 82
6809 6166 82
6812 6162 0
6813 6814 22
6815 1723 22
6816 6817 41
6818 6819 41
6820 6821 24
6822 6823 41
6824 6116 82
6825 6826 41
6825 6827 41
6828 6309 41
6828 6340 41
6829 6311 41
6830 6831 41
6830 6832 41
6833 6834 41
6833 6835 41
6833 6836 41
6837 6838 0
6839 1723 22
6839 6840 0
6839 6841 82
6839 6842 82
6844 6845 39
6846 6847 41
6848 6849 22
6848 6850 82
6851 6152 82
6851 6202 82
6852 6853 41
6854 6855 41
6856 6857 41
6858 6859 24
6860 6861 22
6864 6865 41
6866 6867 41
6866 6868 41
6870 6871 41
6870 6872 41
6873 6874 41
6873 6414 41
6875 6792 41
6875 6876 41
6877 6878 41
6877 6879 41
6880 6881 41
6880 6882 41
6883 6414 41
6883 6233 41
6884 6710 41
6887 6888 41
6889 6890 22
6891 6121 39
6892 6121 39
6893 6127 0
6894 6895 22
6896 6897 41
6898 6152 82
6899 6900 39
6901 6902 41
6901 6903 41
6904 6905 39
6908 6909 41
6911 6912 41
6913 6914 24
6915 6916 41
6915 6917 41
6918 6919 39
6920 6294 0
